6
8
12
10
8
6
8
10
7
16
10
6
4
6
6
28
10
2
6
7
6
23
6
6
8
10
7
18
7
10
9
6
6
24
10
10
8
6
2
12
7
6
7
18
10
7
6
6
6
12
14
18
4
3
8
6
7
7
6
8
10
6
8
8
54
7
9
14
8
7
6
7
10
12
21855355
3
5
7
8
6
11
6
11
14
6
6
2
7
15138871
8
4
8
10
8
7
6
8
4
6
8
8
12
16
7
15
11
8
12
4
26
7
7
7
10
4
6
7
22
16
9
3
7
54
7
16
8
6
23
7
7
9
8
8
6
10
20
11
6
16
11
8
16
9
8
8
7
2
8
4
7
6
6
10
8
48
6
8
15
10
8
10
8
8
8
15
2
7
4
7
4
11
15
8
13
6
9
2
6
9
4
9
11
6
12
7
12
14
10
6
10
3
11
9
7
11
6
9
13
8
18
6
7
7
6
6
6
10
13
7
9
9
6
14
10
8
8
11
6
18
8
10
7
9
8
8
10
11
8
8
7
29
2
11
6
13
7
15
14
6
4
6
8
8
7
4
13
6
23
10
8
6
12
14
7
11
6
12
6
14
6
8
7
4
6
10
7
10
4
7
8
9
9
7
4
4
6
6
4
9
106847145
10
8
7
4
9
8
7
12
6
7
12
10
13
6
8
6
8
6
10
8
14
10
10
7
2
10
7
7
8
7
11
12
8
6
52
11
7
17
4
8
8
14
7
9
7
3
47
8
6
10
4
7
6
7
8
9
11
8
6
6
11
6
9
2
58
6
6
4
18
22
12
10
11
8
22
8
7
9
8
16
10
12
8
7
6
6
7
6
7
6
10
3
2
6
8
10
7
7
6
12
6
12
7
4
6
9
2
3
6
10
11
11
8
6
6
10
16
10
10
10
9
12
7
12
12
12
13
8
18
30
6
8
10
7
2
8
11
6
17
54
10
11
6
14
11
10
8
10
3
7
4
17
8
11
6
12
32
6
8
10
3
12
5
6
6
12
12
8
3
6
12
2
7
12
4
7
8
8
10
11
7
10
8
6
10
6
9
6
6
6
7
6
6
8
6
9
11
14
6
15
12
51
17
10
12
3
6
3
9
12
7
10
24
10
8
3
9
9
6
8
7
7
11
11
11
11
11
7
10
9
7
6
11
10
11
11
8
8
8
10
6
10
10
6
6
6
8
2
13
7
6
7
8
11
10
12
6
10
27
2
8
7
7
7
7
8
7
14
6
6
3
12
8
8
6
8
14
10
3
9
10
8
2
13
7
6
6
11
24
6
2
8
7
8
8
7
7
16
4
6
7
13
7
7
6
7
12
20
7
6
7
13
12
8
12
7
12
2
3
7
11
24
7
9
10
6
7
12
11
6
8
12
2
8
10
8
8
12
7
9
10
10
7
13
9
6
11
10
7
9
13
6
8
6
14
10
6
8
7
23
7
6
7
8
13
16
8
2
10
10
7
8
22
7
11
9
11
11
6
8
4
26
6
53
6
12
8
3
11
6
3
26
8
6
4
11
8
9
11
15
6
12
7
8
10
7
4
8
7
8
7
13
12
6
7
4
8
19
4
8
10
7
11
14
10
11
8
7
8
8
12
8
8
13
41
54
8
9
10
12
11
8
10
9
6
7
7
7
8
6
12
8
4
34
12
3
3
8
12
8
8
10
6
16
11
6
8
3
10
6
3
6
11
12
9
12
4
8
4
7
3
8
12
14
4
7
11
8
14
12
10
12
7
6
14
4
12
7
10
11
7
10
6
6
8
8
7
8
6
8
8
7
8
7
7
3
19
17
8
6
7
12
10
8
6
8
6
11
8
4
4
7
9
6
20
10
6
8
4
8
7
13
8
10
7
6
8
8
12
4
12
10
7
54
11
16
7
7
11
8
8
6
9
3
10
9
7
12
7
8
3
14
38
6
6
11
6
4
6
3
8
13
6
8
7
12
9
8
9
11
7
8
7
12
6
6
10
8
8
2
16
10
3
8
11
308
18
8
9
28
12
3
70989473
2
6
18
6
14
6
6
6
11
13
6
14
19
20
7
13
12
8
8
10
8
46021777
6
12
50
10
6
6
6
3
9
8
3
2
4
8
7
6
12
10
12
8
7
6
7
22
16
10
11
8
6
14
6
2
10
4
19
8
30
7
2
18
8
6
11
6
6
7
4
17
7
7
8
8
70
10
15
8
8
3
6
6
10
7
6
3
11
8
6
6
12
4
10
12
10
10
10
6
11
10
6
10
6
7
6
6
8
15
6
3
7
6
7
6
8
4
6
8
8
8
8
23
6
7
8
8
8
11
10
8
10
10
4
12
6
36
4
3
7
12
7
13
15
12
20
10
8
6
9
6
12
12
12
11
8
6
10
11
7
3
11
6
18
6
8
6
7
38959308
7
24
6
6
8
7
10
6
8
8
10
7
8
8
8
7
13
6
6
6
6
6
7
8
7
9
8
6
6
8
8
8
7
12
10
6
10
8
7
8
27
6
8
8
8
10
9
7
8
8
2
7
6
8
20
6
11
11
10
8
7
10
8
6
7
10
9
6
10
18
8
11
8
7
8
7
6
6
4
10
6
37
60487383
6
12
6
14
8
13
28
8
7
9
13
7
7
10
8
7
11
53
2
8
6
40
2
11
17
14
6
10
2
3
8
6
6
7
9
6
10
8
6
8
6
6
9
4
7
10
8
6
8
2
6
9
8
8
8
4
6
11
7
12
14
10
3
6
8
7
6
11
16
12
4
8
7
12
11
16
7
6
8
7
6
8
18
52
2
11
16
2
11
7
8
8
8
13
37
7
8
13
8
8
8
6
8
6
14
12
6
10
9
6
6
6
7
8
54
6
8
6
8
16
2
6
3
2
7
24
8
11
4
37
3
6
6
6
7
8
10
7
6
3
11
6
6
8
7
13
7
12
11
8
6
20
8
6
6
11
6
9
8
7
7
11
22
11
9
16
11
6
6
8
7
6
10
8
14
9
11
14
41
7
12
11
8
11
7
7
14
10
6
6
7
7
14
20
7
7
8
13
13
6
6
6
6
60
4
11
4
7
6
11
7
7
10
6
6
8
6
6
12
10
6
196880044
8
6
4
8
61
16
12
7
6
6
6
4
8
8
6
7
6
7
8
6
8
7
6
21
10
14
20
7
6
11
9
8
26
7
12
2
11
8
14
4
7
7
8
6
12
9
12
8
11
6
10
7
58
6
7
11
4
7
8
8
12
10
7
6
6
8
2
10
4
2
6
7
7
9
8
7
7
15
4
7
8
7
9
18
7
15
16
12
9
6
8
11
6
6
7
9
22
4
10
6
8
8
11
13
10
3
11
8
10
4
12
8
4
8
3
16
12
7
8
9
10
12
57
8
11
6
7
7
7
3
14
8
7
16
49
11
4
6
6
8
8
12
10
10
18
4
12
15
11
8
6
6
13
8
11
6
7
6
7
3
4
8
8
14
8
4
7
12
10
12
10
8
12
6
8
7
8
10
4
14
10
8
7
21
12
12
8
10
11
12
8
4
6
6
12
6
8
2
13
8
8
6
22
20
2
26
8
8
6
2
4
7
8
7
10
2
12
7
7
12
6
8
8
10
8
12
8
4
10
7
8
7
12
4
7
7
7
42842070
11
14
7
11
10
16
6
6
11
10
8
9
8
7
11
28
48
6
4
10
8
8
3
7
10
2
6
7
10
3
8
10
16
6
23
11
8
10
6
11
7
10
4
6
18
7
10
6
11
4
6
6
12
11
4
46
16
10
3
2
6
9
10
6
63225152
12
7
26
16
2
8
4
12
8
7
8
10
7
26
6
10
8
8
6
7
14
17
12
30
4
10
6
7
11
12
11
10
15
6
7
8
8
7
10
7
4
9
10
8
10
9
10
10
8
8
6
4
8
8
17
7
8
6
6
6
10
10
6
16
12
6
12
10
10
10
7
7
11
8
8
9
7
4
8
16
10
6
10
6
8
8
16
8
2
8
4
6
6
47
6
10
4
2
9
6
4
6
6
15
6
14
10
6
12
8
7
3
10
4
16
11
28
184761017
6
8
7
3
7
3
19
6
10
8
8
8
8
13
10
28
4
11
8
6
9
7
27
6
2
6
8
6
4
6
12
7
12
6
12
24
8
14
7
3
6
6
9
6
14
7
6
10
2
6
8
6
4
7
6
15
10
7
8
12
6
7
8
3
10
14
2
12
8
6
10
12
7
12
13
11
10
10
6
6
6
14
8
6
10
10
19
6
4
6
8
10
9
7
3
6
8
8
10
7
7
12
6
8
26
6
6
7
10
9
3
8
8
12
