6
7
62
10674993
12
7
2
6
6
12
12
6
4
8
11
7
31
2
7
3
6
10
7
3
6
7
6
8
6
8
6
14
12
10
3
7
6
6
10
10895694
9
6
6
7
55
7
4
24
10
6
2
10
11
10
10
46
12
12
7
8
7
11
8
8
8
6
7
6
7
2
7
7
6
10844155
3
4
7
11
7
8
6
9
7
7
9
4
6
8
7
12
9
8
6
8
6
4
18
4
7
7
6
8
6
6
11
22
187
8
6
4
7
6
6
19
6
6
8
8
8
12
10
11
2
268305
3
1
8
14
8
7
6
6
62
6
6
14
8
9
6
8
8
4
6
60
6
6
8
9
6
6
6
35
3
84155949
8
6
8
8
6
6
7
11
6
55
8
8
6
9
3
60
3
2
7
120306078
6
12
7
8
6
14
4
8
4
6
6
20
3
6
10
20
6
2
14
7
8
8
2
3
3
7
6
8
7
10
3
8
6
10
8
4
7
7
3
8
4
6
7
6
5
3
8
7
6
3
8
71685034
2
6
6
8
8
7
2
7
6
34
6
3
16
6
6
2
51
185489375
2
6
6
6
6
7
6
4
12
14
7
10358365
9
8
11
11
2
4
11
13
6
8
6
7
10
12
6
6
7
6
15
8
43
14
7
8
50
55
10
8
11
3
7
6
8
6
12
10358364
24
10
7
6
6
3
8
6
7
7
8
71
41
8
6
1
10
6
8
6
10
2
10
6
8
8
6
6
12
7
42
36
3
10
7
10
11
6
6
7
4
4
6
8
13
6
12
8
6
8
7
14
8
16
7
8
2
30
6
18
7
2
6
2
9
8
6
4
6
6
4
10
3
6
10
6
6
8
8
6
6
6
8
6
8
7
6
7
10358367
28
7
7
38
6
6
49
8
6
3
6
12
8
6
7
3
6
6
2
7
31077297
8
8
8
6
2
87592624
8
6
8
8
8
6
6
16
2
7
4
10
8
6
3
39
16
6
32
9
3
9
11
9
6
4
6
8
4
6
12
6
8
6
70
4
7
4
13
7
9
6
6
7
8
8
7
6
22
11
5
7793419
7
7
152
6
10358364
4
8
4
20
6
7
7
4
8
6
24
3
6
7
7
7
10
8
6
10
11
8
10
8
6
4
6
2
8
10
8
14
6
8
2
14
6
3
3
6
8
6
6
120306078
9
6
4
11
7
39
6
6
10
13
9
7
7726522
18
8
6
20
12
42
7
8
3
38
6
4
8
12
6
6
7
17
12
6
11
10
2
6
7
8
8
8
4
7
8
4
10674085
4
3
6
7
12
9
8
7
9
6
7
7
10
6
7
3
7
41482991
4
9
