8
8
7
4
8
8
6
10
13
16
4
19
4
6
8
10686671
53287417
12
7
7
6
8
10
4
7
8
16
12
7
7
28
6
8
8
9
6
6
2
8
10
34
4
8
11
6
9
3
10
16
13
22667659
2
10
29546784
7
7
6
8
7
4
48171472
7
10
14
6
6
3
9
16
12
7
22
7
12
2
10
12
6
10806641
8
10
4
8
8
8
106135134
6
9
6
7
6
8
11
12
12
8
17
12
24
7
9
11
2
8
8
10
6
7
7
123417299
6
6
4
8
8
14
13
12
263340
152405244
12
10
7
8
8
8
8
7
10
16
5
11
6
6
20556626
9
8
6
8
8
8
9
3
13
2
3
27
7
8
9
7
7
7
10
8
10
10
11
6
46
18
8
7
6
8
8
16
12
2
31
7
8
6
8
4
155792020
10
3
12
7
7
24
10
6
7
10
8
10
9
8
101099
7
8
10
7
56
6
4
14
6
43262747
3
7
7
11
7
6
7
137039
14851279
11
13
7
4
8
6
8
12
17
42
11
566762
12
8
14
6
4
6
14
10
8
12
10
6
8
7
7
22
2
8
14
10
7
6
10
124207753
9
8
3
10
7
8
7
10
8
9
8
24
12
14
16119183
10939585
10
7
4
6
36
2
12
6
7
11
6
10
14
7
14
12
6
78639573
41861389
10
7
10
2
10
4
7
11
10
12
11
8
6
8
6
10
10
11
15
7
15
2
9
7
7
12
8
10
6
6
44
8
6
8
8
24
4
27
10
8
10
6
6
130774518
14
16
8
8
4
49601943
10
7
6
14
6
7
11
11
7
6
6
7
12
8
6
32574173
8
7
8
8
8
2
9
12
7
4
8
6
10
8
7
10
8
4
54
6
4
7
8
10
4
13
7
7
11
19888608
6
6
4
7
14
11
39
8
16
7
7
28
37
7
8
9
10
8
7
10
11
10
6
139582
48223202
10
2
12
13
6
13
4
7
6
7
8
6
71285459
6
12
6
7
4
8
6
17083358
8
16
26
6
2
9
8
2
7
30
7
8
7
7
6
8
7
6
7
16
6
8
4
12
11
8
11
11
7
6
8
12
12
14
33
8
8
6
9
3
8
7
10961408
8
8
56
6
11
8
7
8
11
14
42594948
7
6
6
10
12
37708653
8
8
8
14
4
8
6
146454
7
2
6
8
7
20
8
30
10
7
6
10
8
19
6
11
7
8
8
9
14
8
10
12
59
7
8
8
11636973
11
6
10
18
7
7
12
15
8
9
14
10
10
6
6
8
6
4
9
10724061
2
6
6
8
7
7
6
3
2
12
8
12
6
22
8
8
6
16
38836766
10
14
8
9
4
9
9
7
6
6
6
8
6
9
8
16
8
6
14
7
7
3
10
6
6
4
6
8
7
4
2
8
12
11210317
12
8
9
12
13
7
6
8
7
8
3
8
9
12
35
10
6
7
7
3
13
6
10
8
7
6
12
6
9
7
12
7
7
8
8
6
9
18
2
10
2
7
11
12
13
6
37708653
6
11
6
79028282
8
10927215
14
25789255
7
7
8
24
12
11
9
8
8
13
6
3
6
7
7
8
8
7
8
6
57856292
10
9
7
12
8
17
2
6
6
6
10
6
6
7
9
6
18
8
205385254
4
4
11
7
4
12
12
2
11
19
8
8
8
9
9
7
11
8
12
13
10
12
10
8
46
6
2
4
4
7
104491633
10
20
8
23
93646734
20
8
16149577
12
24
11
8
7
9
4
8
9
10962541
3
7
10
7
49120979
14
7
11
3
15
11
3
13
6
8
8
16
8
11
136350
3
11
50
6
4
9
6
10
8
6
9
12
6
8
11007499
5
59440589
7
7
6
6
12
4
18
13
6
12
6
4
14
9
6
7
12
8
37708653
6
18
2
7
11
11
2
8
11
11
9
13
7
12
12
16
7
8
6
11
12
5
9
54
18
6
7
8
7
6
8
101082
8
10764324
23
16
12
6
31
49
8
8
4
8
8
8
16
10682082
8
7
6
2604639
4
8
8
52
11
7
14
8
11
18
6
8
39879
6
4
6
8
10
7
6
10
2
9327537
14
10
16
10
2
12
3
4
3
8
8
8
10
12
12
6
10
7
7
9
35
6
14
6
18
6
7
6
6
7
11
434261
12
4
7
12
6
6
11
11
7
8
11
85021117
24
11
12
8
6
8
8
8
6
27
8
6
10
4
10
4
11
38517629
8
10
14
10
9
6
7
13
8
21
8
6
7
6
10
6
8
4
8
12
8
3
49150682
6
10
8
6
9
10
4
3
8
10946784
6
8
7
8
6
6
7
9
7
19
8
10
8
8
12
7
7
8
6
7
9
11
29458
1730765
11
9
6
2
10
12
6
7
53
3398
6
12
10
6
2
6
8
8
16
24
8
7
33
12
8
19
7
3
73495621
147149
7
7
12
3
6
7
8
8
8
8
14
7
9
8
12
6
11
12
18
9
24
7
7
10
3
7
8
7
6
12
6
8
4
8
8
6
8
10
8
10
18
7
4
8
9
11
10
6
14
7
8
6
6
11
4
8
89528747
6
7
7
25
7
6
7
15
7
10
3
8
8
6
6
49
32245666
11
3
7
11
4
8
11
6
8
12
8
8
29504345
12
6
10
3
4
10
7
10
8
34
43
6
9
6
6
23
8
7
6
7
12
4
6
11
8
4
10
22
12
8
11
10
7
13
7
6
6
11
10
8
6
28327963
8
23
6
12
7
7
6
10
6
7
14
28
7
6
9
13
17
6
10426
10
49602568
6
4
8
6
120424676
104138196
6
10
6
8
8
8
8
30
10
8
12
118520479
49131697
4
2
4
108868
9
6
7
2
11
14
6
8
6
89076690
65193036
231578954
7
6
7
10
10
8
8
8
7
94767032
15
10
8
8
6
7
11
174997993
7
7
10
10358359
6
15
10
9
8
7
56
9
6
19
10
7
7
3
6
12
6
8
7
8
20
14
14
9
64
8
6
11
8
152360714
67319627
89828689
7
14
9
6
9
6
7
30
4
10
21983368
32
7
8
7
9
8
7
6
8
10802832
10806016
14
8
9
31053951
6
15
8
6
7
6
9
12
26753677
12
8
6
8
12
9
54116703
12
12
6
12
10925647
7
6
7
12
7
10
6
62
12
7
34
23
7
10
87413571
8
4
11
10
9
8
8
6
7
7
12
20
7
6
6
4
12
11
7
36812975
10
12
4428162
10
7
7
10
10
11
31231588
8
22
4
8
13
7
11
7
10
8
7
41441544
7
10
19
7
8
8
3
31158428
7
8
8
6
9
10
19916615
15
8
8
33
6
6
6
8
10
7
15
9
8
7
6
120360146
10
22
2
61
10
20
11
6
6
7
4
6
60
4
48353184
6
8
6
12
10
10
5
7
28
7
6
8
129914655
58
80493607
7
8
12
9
17
12
4
6
10
8
4
7
7
12
10
20
15
8
8
7
10
11
8
14
7
8
6
6
8
4
9
2
3
18
26
8
14
9
17
12
12
64993259
9
8
9481889
7
3
18
8
6
12
10
7
8
14
14
6
10
16
7
3
8
10
8
6
7
89791039
12
1
10
8
4
62788677
8
10
7
6
10
4
8
12
61049950
4
14
8
11
7
6
14
10
16
11
8
6
9
11
20
8
11
7
14
10
16
8
10
6
11
8
10
8
4
123692
7
9
7
8
4
6
6
8
7
7
6
9
35816757
11
11
46021777
13
12
2
4
12
57487860
3
9
6
11
12
8
71
16
15
4
6
7
8
7
12
7
6
6
10
6
10724061
6
7
9
6
3
8
6
7
7
7
19
12
6
10
28
8
4
6
7
8
4
12
6
7
6
6
6
8
10
8
27
8
7
3
6
12
9
7
7
7
6
37708653
6
9
57
6
9
7
7
2
8
9
8
7
7
11
26
6
16
10
63241597
42608637
6
10
13
6
8
12
8
7
12
7
6
12
12
6
8
11
10
12
39
7
8
7
9
6
9
34
7
6
4
152405244
10
7
6
12
2
27731880
7
7
4
7
8
6
2
4
15
13
8
7
6
37708653
7
7
27
30
9
8
9
7
10
14
7
7
7
14
6
12
6
7
6
3
11
11717539
10
12
108666
8
12
7
12
7
10
6
10
9
7
8
9
13
7
13
7
6
10
2
202624838
17
11
7
6
6
10757351
10
14
7
21990527
7
6
7
6
11
25
12
6
8436263
8
22919
11
7
8
112369331
7
9
7
12
6
3
6017789
8
6
6
12
5
3
10
10
6
6
6
94590969
11
10871124
7
9
10
4
4
11
2
8
7
4
7
7
10
160991941
8
6
6
12
7
10
10
8
6
7
11
36
10
6
6
10
12
13
7
36
9
13
8
7
6
6
7
9
10
7
7
7
12
10898984
7
6
9563
7
6
6
10
10
6
8
26642994
10959556
168122249
12
6
2
6
6
8
11
6
7
11
8
11
8
26
6
4
2
7
16
7
17
11
12
2
30
8
10
8
4
8
11
8
98725336
7
45
22013244
6
64
10
71541368
7
8
6
4
8
8
7
9
8
7
6
17
10
