49118705
30165845
9
3
10
3
5
15
12166396
3
12
12
3
21962533
6
64590478
5
7
5
49615574
8
6
10866893
4
7
7213254
41818966
9146
7
3
3
5
12
3
5
6
5
8
10
12
6
1614
8
4
3
49580004
10
24181
5
2117
5
7
30820499
10
12
3
49654830
10
10708734
6
11
3
10
6
7
7
5
11
4
4
12
5
12
7
35561840
6
5
49089429
86252
10
16230
8
13
11
12
7
6
5
8
3
3
11275744
8
6
13
3
15
4
13
5
10746543
20368615
30901803
249376
7
9148142
9
9
78198225
7
47934874
12
10
6
12
3
3
7
10
4
9
745076
5
3
7940064
11
9
49568687
18027803
4
6
12
11
31881
31181522
7
6
3
12
5
367
10
11
3
6008
3
71788369
3
27968
56767810
74112
4
7
7
7
8
3
3
67837384
9
930
11
6
89814451
8
7
8
6
4
9
8
15
3
5
12
3
10
3
7
8
49065659
3
17809
4
8
6
4
5
38519
3
5
9
7277402
115
8
9
7
3
7
3
5701606
5
12
10
9
8
7216723
6
3
85698633
9
26755257
4
4
5
10
507894
49632695
4
12
7
3
158090
3
5
9
9
8
11
14
3
6
531043
12
6
8
12
10785344
11
9
7
3
41899717
5
8
7
11
4
8
25032
5
9
92421
7
6
5
3
4
28998
3
3
3
4
41856348
8
3
3
6
6
5
27459075
9
4
6
14
4
60977065
7
8
20185114
3
8
829473
10
5
5
11
4
7894
6
6
5
13
7208830
18899900
3
12
6
6
3
8
8
18959
38756813
11
69170513
9
10
3
8
5
7
5
8
6
7
8
11
10
7
6
5
14
8
17
3
5
10
192906957
20405605
4
10
3
5
3
99076589
6
6
11
66299942
7
10737183
13
119777
3
4
10
6
20
4
19902427
15701490
14
37392847
10861719
11
3
12
10
3
40182704
12
6
8
3
14
9
14
6
5
40722425
11
26933238
9
5
3
4
3
8
6
4
7
4
12
10
11
485
7
4
8
4
3
7
89832925
18468571
5
26834380
4
23448038
7
9
3
6
6
10833494
18057520
3
3
10
10
8
4
5
10
8
62821490
10
7532041
3444
30965188
5
5
8
8
8
3
23424650
5
7
121625861
27124250
13
6
9
7
10
11
93469234
5
8
10
50230691
7
10
3
3
3
5
3
8
5
6
8
13
9
3
5
7
3
6
13
10
4
7
17
12
50982
41847612
11
5
12
5
11
8
3
8
10
8
7
8
3
6779043
3
8
2652
9
12584
8
56642
5
3
9
6
209952
41856354
3
5
11
15
8
3
3
3
8
4
4859
3
9
3
5
12
5
19112
9
3
41856389
3
3
10
7
156974
3
5
6
6
4
7
7
8
10
8
3
3
5
15
11
4
27844508
6
5
12
10821122
3
152806
7
8
5
9
31057574
5
10
40739979
6
6
49642656
6
11
17
11
9
7940064
9422
11
3
3651
161121167
36107449
5
12
4
4
4
47976596
11
13
13
11
7
5
3
3
11
49040648
19868697
6
5
5
3
7
10
7
9
213290850
7
37584468
13
14
9
5
6
5
6
3
3
8
9
7
10
7
8
9
7
10
9
3
3
3
7
5
9
41876034
8
10244107
8
5
40739975
14
3
6
7
7
3
4
5
3
13
7
59597
6
8
40169199
8
4
67866964
5
3
7
10
12
16
3
10
10
3
3
3
188166217
7
7
3
7
12
15
12
3
6
8
6
3
7
10
4
11
3
41120317
6
2255
5
78130805
12
15346590
6
8
16
7255559
7940064
21861809
18
8
8
6
9
8904
7
5
4
5
3
8
6
11
9
6
5
9
4
7
12
3
93470310
3
10
3
7
4
10809213
7
4
7
5
3
5
6
26975341
3
9
10
8
7
5
3
7
4
7
5
5
25351341
13
41890994
4
10
10
6
3
12
354
4
3
8
9
3
13
6
4
6
5
3651
6
6
5
603745
13
12
78962392
3
505994
3737
9266181
12
118850854
3
11
8
20314068
3
856
4
38344671
41816977
3
5
21895262
12
8
3
5
7
3
14
10
16
5
5
5
7
5
10
15
40183832
7
49071074
3
7
3
6
5
3
3
7
6
10
14
4
7
4
1450190
12
4
3
8
3
27164994
5
11
7940064
14
7940064
4
8
8
5
3
2831941
10
6
5
5
5
10
3
12673
12
4
10
5
3
551754
2973
10833024
14
15
4
4
5
3
16
12077750
6
89120135
11
4
9
19887210
6
4
8
11
15
6
5
6
12
10
3
10
10
10
11
41910052
8904
14
4
9087515
7775810
4
6
4
4
3
10
17961189
4
10
6
3
4
4
4
6
5
6
5
5
14
9
11
12
9424
8
13
11126782
3
5
4
7
6
20658
4
14
78111380
6
6
9
6
12
4
9
41784008
7
3
6
3
4
40228122
6
5
7
4
4
5
15403722
47970686
10754839
8
3
7
13
7
4
6
6
6
7
10610675
8
3
99401
49094552
3
16323652
8
9
19916774
9
8
6
7
5
6
8
6
3152
8
37826287
10
8
11
3
546790
4
3
8
3
5
5
26072
6
7
10
75634273
7
3
10
16134297
6
5
7
7
8
20377216
3
13
5
6
5
7
10701458
6
4
11
12
7
5
121859532
9
11
5
6
13
3
11
3
12
42876
4
6
7
3
4
12
49152459
173778636
4
4
8
13
8
12
1283
6
59176
11
7
11
9
5
3
8
5
10
4
10
11
5
7
11
6
13
6
5
5
13
13
2494786
4
7
10
7
8
5
5
16
13
7
3
4191
13
21150
4
9
13
13
10
4
5
9
9
15
1970555
9
8
13
13
5
14
5
6
10
6
7
5
68
149686
114831048
4
3
5
11
6
8
5
8
10
7
3
7
3
24089358
41788133
7
8
3
8
59597
11
67844131
7
7
3
5
8
3
10
4
6
3185
13
19
6
6
10
3
8
2157
8
4
6
5
6
9
7
14
5
4
7
9
5
5
7
48812819
3
12
3
3
3
3
7
5
7
16088
3740
14
13
13
7
4
49089425
10
13
5
7
3
57029
11
7
10874813
8
4
6
13
5
13
13
6
4
10805932
4
3
141405855
9
11
9
9
10
9
85620842
12
11
3
27397280
4
5
3
12
8
6
13
7
8
8
605011
5
7274500
551762
754
5
5
4
11
59882836
5
3
3
9
95181
1837841
3
9
4
4
11
7
11
8
8
4
4
4
7
10618202
5
10822452
4
2004
38856863
8
7
8
6
5
3
3
13
3
8
5
41856350
16692
24155
148242375
4
3
5
13
3
5
41856350
8
6
6
27844508
32
5
5
6
4
5
3
458246
7
10
7
10
7004804
5
3
3
3
40720971
9216137
3
4
9
9
20548941
3396927
11285198
3068
18899883
3
15
89813670
9
3
12
7
12
6
7
7
12
3
3
14
9
3
5
9
12
6
4
7
10
31133346
5
6
9
6
3
4
9
7
3
3
10250970
52164
7
4
5
6
3
11
19922760
69255
7
6
4
6
20548907
10
5
10
8
233351
13
13
7201399
4
4
3
9
49138534
8
160
7
4
11
3
9
3
31056597
3
4
3
7
1094
3182
59171
7
7
10
4
7
7
4
7
13
5
99152499
3
13
3
4193
13
7
8
7
17
11
5
6
41845836
18059279
81082
6
75022833
3
40177693
7
11
5
31039279
8
3
12
8
13
7
10
5
3
6
15
12
4
7
10821432
13
6
41791428
8523
3
9
5
10
6
5
10
7
5
10
5
7
1283
3
7431963
3
9
4
10634508
12
9
4
7
3
4
7
11197800
49607982
4
7
7
3
4
5
3
13
5
45726761
4
3
7
3
15
10
10
304671
6
9
8
4
10
6
4
5
4
1791
9
13
5
3
10
8
3
60444
4
9
8
49126249
7
8
3
3
8
49143782
11
5
47970660
6
4
14
3
5
20396
5
9
5
42397
10
9
9
4
480161
4
5
29053346
8
8
13
49652718
5
5272631
18
14
5
41875735
7
8
5
5
79550124
387715
7
129197
11216184
7
3
9
5
5
3
41856294
8
12
9
5
5742
8963
6
7
7
10
6
49
56547989
7
10
4
7
14
7
3
8
3
4
40198385
136035633
17868061
3
3
8
5
53310333
13
37398083
7
452267
16
9
170149
9
3
5
6
54296
17989378
5
9
3
6
3
6
31002369
3
14
3
6863428
3
7
5
21
7
6
23
26069252
5
8
6
6
12
3
6
10244107
9
4
7
5
5481
10796212
16
5
68830857
5
15278692
5
7742994
10
41856348
3
7817
9
9
8
11
6
4
4
7
8
36308228
8904
3
27687460
3
4977747
6
9
11
21973139
19922761
11
8
49815
4
5
3
33497
89832191
11
14
11
6
3
4
3
980085
23890
25551032
6
1599
3
8
10761298
170172
10
5
8
7249696
3
7257922
37460082
85547
11
4
59044593
6
4
5
11178092
78961682
10
5
16
172948418
3
12
14
23
6
9
12
4
15
3
7
13
4
38504393
15315094
6
11
8
11
18034919
6
3652
82809
49139273
290
137599
9
10
31211100
7
9
1284
7940064
5
3
6
44455
6
5
9
8
5
12
4
7
6
11
10
4
7
3
6
11
28884160
8
4
8
5
5
6
10
47343
7
8
64507569
8
4
16835
4
574
8
7
15
15
8
4
10654597
5
8
8
3
47976596
7
4
5
6
7
67919764
11
10
3646
3652
13
3
7940064
6
5
4
4822
8
10
3
9
4
7
11217853
13
3
4
84543799
5
3
36
3
11
8
40739475
89326047
3
4
38017898
8
3
49089429
6
5
5
12
9
1576887
41853974
12
8
4
493332
3
21830721
5
4
10
12
7
8668170
11
5
7236695
9
6
49096564
9
11
4
8
3
12
6
3
8
7
10
10792554
4
49651960
9
6
9
4
8
11
9
82779
7
18593523
3
49138141
5
89832191
12
18467483
4
8
4
27684654
42444488
3
3
8
5
8
5
6
4
7
8
4074
4
53048
31080893
10
9
11323950
7
11
3
11
4
7320127
5
8
8
10
5
8
7196
5
7
11
17
5
8
7
4
70520
17961109
4
6
3
3
3
72886746
13
26069
10
10
7
10806851
6
4
12478732
7
7
5
4
13
5
58014
6
3
3
9
7
6
78097262
89832191
3
18092002
1351
3
5
8
3
9
8
1
8
4
5
11299064
10
3
14
6
3
8
8
3
7257689
10
3
3
8
6
8
6
10
6
3
9
7940064
4
23379170
10834365
7
8
10728360
3
7247707
31039279
552065
3
4
10
4
3
10
66926953
7
5
30557304
11
69400
8
7
5
5
9
9
16
7
6
4
78107236
3
6
9
6
4
9
10
9
6
11279706
5
7
18
9
6
38
661471
9
8
3
8
13
5
5
6
5
5
4
9075486
10
6
10
10
7
10
4
49590773
5
4
11
6
10
3
7940064
21
83575255
10
6060141
3
67915107
3
8
8
7
8
7057928
9
7
7
6204
4
109197580
4
5
49132342
17316
3
3
5
4
5
9
9
5
5
16
10
13215802
13
19
4
6
5
6
11172478
11979332
12
3
14
7
11
39163
4
4
3
13
5
4
5
89832191
5
6
55
38964471
89825754
7
425
5
6
9
6
10829274
3
7
12
10
4
44096
4
4
5
5
5
5
7
5
5
71754152
3
10
7
7787826
7
3
9
5
5
5
49073609
11
5
6
9
10850650
11
5
7
9
11
49141802
5
4
4
93469368
9
12
6
13932471
6
8
7940064
8
5
4
178
5
27668311
5
4
20163
10210705
6
3
7
7
9
6
9
11
7
7
7
11
3
12
5
7
7
41471
6
11
7
5
3
7
3
7803727
3
6
43205
6
5
11
12
4
5
5
3
89736686
8
10
10805932
9
181479
10
38870298
57777
14
9
6
31053509
5
7
4
6
5
11
21973132
7
11
3
19
12
9
49133037
3
13
6
11
6
101504639
49136158
49638610
8
7
5
8
13
6
5
10
3
11
8
6
41855436
12
12
3
6
9
8
217153343
9
7
12
8
13
3
5
4
9
6005
11
8
6
4
49662
12
13
8904
4
49096809
5
6
13
3
7
697
1563
8
3
3
14
5
11
11
12
11
6
7
7
11
10
13
15
4
5
4
50806682
13
7
14
10
89819540
7742985
5
15
38185370
7
10
30583303
3
6
6
5
4
11
8
4
4
8
3
14874537
5
17
10
18050127
10
3
3
4
17
4
8
6
5
40720971
13
4
8
5
3
11
5
5
6
6
7
11302263
9
3
211
7
6
6
4
48978623
5
3
9
9
109197580
5
19888359
9
12
6
14
8
3
7
566
19905462
4
6
11
5
8
24365
7
4
11
19891660
10944618
41858933
109106643
7
56836003
18573097
6
8
11
8
10
4
10
8
5
3
3
9
5
13
5
10
7
3
25759244
55644
4
4
26803081
1244
7220328
4
80295760
5
3
7
6
5
5353
8904
47975978
5
7
9
15
13
8
5
5
4
4
4
4
13
4
13
3
19
9
11
10
13
4
10
5
5
7
4
11
4
4
6
8
10
7
10
4
5
538
6
9
5
11
12
9
6
6
9
14
47976596
13
6
4
3
6
13
7
41856354
3
8
6
5
6
8
38403188
47928275
8
7
3
3
7261494
13
3
3
7
4
20431995
4
11
1878
7881
5
3
5
4
5
15
7727044
5
6
7
33944535
7
13
3
9193220
5
13
12
6
7
8904
3
7
5
5
7
5
40678819
5
7
9
3
4
212843
3
1171
92253
27443
18046609
58767075
3
8
57103
5
5
5
8
3
40
21959374
4
6
4
64881
8
11
8
5
9
120594750
282618
7
6
4
6
1004
4
9
9
13
5
30601329
6
6
10
5
4
9
54379974
41860529
5
5
12
7
11
13
5
7
6
6
12
1436593
10458586
275425
5
4
11
5
5
9
6
8
7223152
9
4
5
3
10
31048172
5
12
17
8
9
11
11
4
10
3
13
11
69775
5
10801385
373197
5
6
12684478
551759
8
17404705
5
10
4
8
13
67861633
15
13
10
360
20241425
3
9
3
12
8
3654
55016324
9
3
3
3
4
10
89832922
34
2729
5
89826081
7
8
13
11
5
19894006
49533588
5
8
3
11
7
8
6
10
4
8
1666
8
5
315626
40171854
5
4
9
8
68486863
5
8
6
5
8
6
11
11
20368615
7
5
5
7234960
9
15
3
6
4
3
10
9
7
20935815
11055
3
6
49089424
13
7260681
5
7940064
5
5
9
7
5
6
8
14
9
6
4
141380
9
8
3
12
11
26888158
5
12
11
9
7
40692759
578
38957684
182811
4
3
9
8
3
5
7
75420601
3
3
9
73972
3
12
7
12
50849250
7
8
8
7
7
7670
9
3
12
5
3
10128
6
5
10
9
50228744
8
5
9
6
5
15
425
3
7
4
8
8
6
13
10
9
5
41856355
9
3
16122015
31050621
3
5
11
18581369
7
6
19937870
12
3
3
5
8
47953400
77858981
6
3
10
109197578
3
21974761
3
3
3
6
12
3
8
3
4
4
8
9
3
9
10
8
5
5
10
5
41856361
6
7
8
8904
5
35209430
10
4
6
6
11
7
3
92827
4
17594370
13940
2844
5438775
5
3
7
59596
8
4
10
19892871
6
27653314
123158040
4
4
5
7
3
5
9
8
12
15
16
9
7
17967806
510318
11
10
7
49133037
844
6
3
3
4
4
5
11
4
6
11
4
8
4
5
57021
12
9
24191
5
7
5
30557121
4
8
3
56725971
5
3
13
3
7
13
9
44
41856683
3
8
12
503972
9
9
564933
89814852
13
5
13
8
48964925
4
4
8897
8
3
51106723
11
11
10
4
6
5
9
5
3
4
14
10
4
7
4
5
7
6
4
8
7
7
11
7760968
7
33497
7
5
4
17961110
4993
8
6
126204450
7
5
9
12
40189668
62564
4
8
12
3
107619257
8
5
12
953153
9
4
5
6
6
9
9
3
7
11
10
43496747
504128
26789565
70719909
9
7257922
7
6
98087
8
56661
19
4
8
11
3
5
4
20019540
13
4
28261316
10
6
7940064
10
7
14
8
8
3
3
10514535
13
11
320
10
40173779
4
89809436
4
6
4
759
14
4
12
15
4
3
10
3212
9
3
59169
5
5
3
9
3
10749632
13
49652718
9
8
5
9
9
3
8
7277402
9
8
3
5
5
18
13
9
20658
9
374047
7
8
55128704
13
9
11895152
8
7
6
5
6
41856350
3
7
6
11
7
14
13
6
5
8
11
6432
23
12
3
49138141
10
32028906
10033
40201278
8
9
6
5
3
6
7
10
12
8
57507335
41832160
13
10
27624504
5
9
4
10
9
3
7
6
6
44084
5
7
6
7
3
62229493
6
5
6
9
5
7
6
5
6
5
7768229
9
59596
4142
9
9
13
15
8
3
3
10
3
3
15
19
3
12
41819340
40183422
10
10
5
4
3
67675344
8
9
10
3
6
4
56684140
12
4
12
5
11
6
10
22
3
7
141581279
68343316
5
62226805
22329936
7
5
41799807
3
7
5
3
11
7
7
4
6
5699146
4
10
7
11
10040572
9
3
21
3
3
8
3
7
8
5
4
10920231
10
35770
7
3
563538
3
11
30049759
4
59596
5
20658
4
6
10790479
3
9
8
3
11
8
13
4
9
8
5
10
5
5
8
9
4
12
7
10
4
10840239
7
3
3
11
12
8
20589580
7
5
11
89828519
5
9
10
4
3
10
7
7
5
6
3
5
8
9
30568015
4
11
8
7
5
9
2975
3
4
10525980
10
8
8
3
8
7
9
3
9
9
8
6
3
12
11
10697463
3
6
5
12067
15124673
7
8
3
21666
7
9
3
6
41864823
57765
4
3
6
3
9
10
11
3
9822
11
11
5
5
6
3
5
3
7
9
12
5
25377
9
12
7
7
9
20935737
5
18
10
10665367
57576
9
38452227
4
6
5
5
9
3
8
5
70539
3
7
11
14
4
5
11
5
8
13
40739978
7
8
3
3
11
4
3
10
11
3
15092034
6
516143
7
7
5
17747458
3
13
4
8
4
6
3
3
12
7
3
5
54127
5
4
7
4
4
23132358
7
10
6
7
3
3
16091665
7
4
9
10
6
9
6
43239306
5
3
3
5
39300
5
393
13940
9
3
7
11
4
10
10
5
47952889
11
10
7
13
17691907
3
5
5
3
8
38880430
6
38392417
6
5
3
10
3
7
11198789
12
8
3
3
10616105
11
3
11
66760771
4
3
57019
5
10
3
3
7
6
11
5
27130881
9
9
3
8
6
10834787
6
12
9
3
3
4
6
10
4
13
6
8
9074916
4
15
6
3
5
58773766
8
7
12
7
5
3
6
75531912
5
9
5
11
7
40183413
5
9
8
9
3
8
9
13
9
3
3
9
6
3
11
10
3
9
3
4
4
3
9
14
6
13
4
3
7240511
12
8
9
8
10
5
5
9
7220325
4
9
4
8
7
3
3
6
9
3
7
10
8839
5405
12
7
6
4
3
49150916
8
48682205
205155788
4
6
12
57021
5
7
7
12
5
700
8
18074361
6
17961110
4
3
12
7
6
9
7
31038415
5
5
4
6
8
5
8
3
11
3
5
62309625
6
7
6
13
6
3
85547
5
10
10
5
8
16
10
3
4
9774
16053816
6
1460418
3
4
3
8
11211276
6
16222
8
3
7
5
6
20147365
40168535
4
7
89812905
3
11
7
9
13
9
9
8
3
7
6
4
5
10727268
10
49081605
5
3
3
10
5
49707602
12
17
9
7
7
11
45839690
5
3
5
3
538
5
16678
10
4
7
37609962
4
6
3
10
5
6
4
10
49144410
12
8
4
6
7
6
6
13
7882183
11
13
13
319300
17961110
6
6
41832140
7816755
91282378
9
6
9
9
7
7
9
159300
16
67837384
8
5
5
3
4
5
5
499134
3
3
11
7257761
4
12
5
6
8
7
7
15
67542369
9
85713
7
3
6
7292934
6
8
3
32787056
8
13
9
3
3
7
4
8
7
9089216
3
27661025
8
8
5
48402432
10
31133346
4
4
6
4
9
10
4
5
134625002
6
9
5
15
4
6
3
46047886
12
4
3
5788
5
5
11
5
10
4
10
4
19493955
6
49140317
5677
5
15
10
6
10
12
7
9
7
25
9172614
9
7
7
40228122
9
12
8
7
10
13
7
6
72076727
3
12
8
9
8
8
3
6
4
10
8
5
11
10818157
5
7
9
9
6
5
4
5
4
14
12
5
3
9
9
41860169
3
7
7
12
11
4
8
8
6
7
8
6
49709034
4
3
7
8
12
5
13
6
5
6
5
7
7
3
6
6
8
15
58766768
9
14
11699003
4
6
5
9
1460
11
14943607
39220
8
6
7
4
13
5
4
10
11
4
6
5
10
10
3
3
3
9
11
8
8
5260908
6
4
6
49010889
10
7
9
7223148
8
6343
8
5
10732233
3
9
7269473
5
10
11
3
4
6
3
8
5
9
18899900
8
7
4
10
44151920
3
3
5
6
7
3
5
8
23133659
3
9
9
7
95068970
4
13
4
3
31140543
5
11
17
8
9
9
8
10
10
11
13
27163930
4
7
3
383
3
9
7
5
8
5
7
7
11
9
7
11172478
5
9
5
11
3
59596
4
10
8
12
20056
5
6
8
11
5
6
13
3
4
10
3
6
8
3
12
6
9
57021
31109004
6
10
9
3
38347083
10
14
8
8
22688733
4
58649
12
13
8
3
3
6
9
10834787
19026616
4
6
13
7
3
11
8
12
81890281
5
5
11
13
7450
5
10
10
7
9
7
6
9
13397006
4
18088725
3
15
5
18991
4
4
9
10
10804044
4
21880655
1013
4
3
41875845
26231
4
6
3
12
15
5
10
5
4
3
27115948
5
10
7
17
3
3
9
7
3
37903783
10
8
6
3
4
3
13
31047863
382
9
12
7
8
68801674
6
8
5
3
3
5
49147222
4
13
5
10
10
3
13
3
5
4
41852730
58374
87572
10
7
6
5
65140467
41856354
5824
3
10
6046
8
58681476
5405
862
12287
27844508
5
14
11
19553836
504770
12
5
7
54046977
3
3
1928
7
13
16
40739978
3
9
7
3
14
511325
5
10
7
5
10250971
73657989
6
13
8
3
41803912
3
13
16
505999
15
16
4
4
4
8
6
8
6
9193220
37965735
4
7
39947200
6
3
5
8
8
4
7
9
5
7
72904
5
4
1371390
3
6
10
3
6
532680
4
10
6
10
8
6
5
4
37903770
81163169
9
9
10
8
10589557
511341
7796346
6
7
8
7
3
41890282
3
5
7
13
14
6
10
13
82086
336329
44992
7
505263
12
2117
7
7
10
1528021
3
7
12
3
7
6
6
7801022
7229272
7
10
8
3
4
18899900
3
13
6
9
7
8
6
38488937
11
11
9208731
5
89821541
44742
3
7549
3
11
20723285
3
4
9
92251
4
7
13
5
20
6
3
3
8
5
3
9
4
7
10781979
7
15
6
5
46045593
8
7
5
1284
13
3
5
6
10
5
10
10
5
7
9
9
3
3
4
12
90
5
4
9
6
3
12
7229392
8
6
5
93470310
3
6
4
11
3
10
41867694
3
10
8
10
5
4
4
3
7
3
3
5
7
3
3
4
37843265
13
3
10
4
58631055
10
6
13
3
6
6
5
49607982
38666301
4
10
3
43509942
120169
7
3
14
7
685
5
7
101656259
3
7
4
5
49510279
10
27446
992690
5
5
6
463020
108346
24624264
3
5
10
49578245
4
87928
9
9
6
9
6
7
7257760
9
12
7
12
6
41867298
10
5
12
10
12
4
3
4
49100949
15377
190017080
26267
4
13
33933091
12
58251439
11
7
8904
570017
4
40720971
49611781
3
5
3
6
6
4
10
17955441
3
5
5
5
4
18
10
7
10730601
5
4
7
89732210
4267953
382
9
12
9
5
5112
8
64081720
8
4
6
7
9
11
10409455
6
43237829
551820
9
7
8
10
7
10
5
1809175
5
5
3
5
3
11315557
38935453
4
3
22632
11
7
34566
7268770
6
5
5
10
6
13
5396
10
15
10
503075
6
19922761
13335
7
6
10
3
10
10
10
7
41856358
9
7
5
1533786
10
15
3
5
5
8
27142
7
16
12
5
3
7940064
7
7
41858446
10
7
7
5
7940064
8
10
10
7
13
125035
5916
8
8
3
20377216
9
4
3
94310960
11
8
18
11
7
31102291
3005
9193223
6
5
5
10
8
10458581
2719
5
5
8
38301702
5
6
4
10
3
6
4
114519010
3
92
6
7
13
9
7816500
8904
4
6
15
4
6
4
3
3
3
9
6
6
8904
18058591
15
5
151630036
97063723
11
11234967
7
9
13
4
12
10
3
10
5
7
5
4
5
9
9
21975143
4
13
13
179477
3
4
6
4
12
10
5
4
7720554
5
6
3
6
6
68620
9
6
9
7258919
511333
5
9089349
5
5
31191405
3
7777513
4
30142617
3
3
15
4
10
6
5
6
4
49002772
3
6878
4
38456673
9
27116282
5
6
86489841
7
7
8
18
5
8
6
7
12
9
7
3
4
19922238
7703388
27
9
9
32425128
13
4
8
49708644
10
8
548221
10
4
12
4
3
15
4
10
4
14
7
8
8
6
10702572
10
18074359
6
9323
11302272
12
3
6
14
6
6
4
5
9
3
3
38965533
3
5
3
49059619
5
9
3
6
4
8
7
6
10805932
8410243
7
4
26593
7
6
16
8
4921185
8
3
9
41481581
5
49127868
6
5
9
41856346
6
4
9
78130802
6
7
18
3
6
41864785
10
3
4
4
15
7
3
6
6
4
4
11
5
3
49087694
8
8
12
11
11195087
40697115
13
13
7
9
5
6
7
10
4
26130765
54833
3
6
510318
5626
9
5
30901806
13
6
3
5
4
7283825
4
5
5
10
6
31236544
3
59596
3
15
11
7
121027
11
12
140796
4
3
7
7
4
4
14
3
8
7
7
3
11
4
10
4
8
10
9
8
5
3
8
9
10
10
1791
9
7
12069
10
6
4
4
15
9
12
512519
12
6
8
555108
7
7
41856360
10613707
4
7
3
7
3
4
12
11157198
45884216
10
10
3
3
4
7
8
512843
4
7
5
9
38344010
4
4831
9
8235
12
8
14
11
3
5
5
6
7260217
13
12
7
5
10
10
93470310
11
12
6
3
12
31074442
170144
4
7270336
7
8
5
3
58642566
5
12
11
5
11
13
7
5
11
6
8
3
6
11
4
7
5
4
13
6
5
6
10
7
4
3
11474
9
8
90361084
5
4
3
13
3
5
3
5
3
11
5
8
3
9
8
14
3
5
5
17
31046130
3
13
6236
3
9
8
7
31143951
3
12
6
6
9
5
6
59596
9
3
3
48157233
3
4
10
8
11
4
5
9
7
11
6
10846756
11
3
5
9
5
1010
20895374
7
18609423
3
9
9
4
3
9
6
17
7
5
4
5
3
6
9097802
8
10
6
13
5
6
17265872
41856749
7
49133424
11
3
12
10
5
10
3
10
10
7230738
9
6
6
4
7
7
4
6
3
3
8
3
3
1537427
3
5
5
3
7
7
32526135
5
6
11
7801022
15
7
4
6
6
6
9
6
8
5
15
111121
3
5
4
4
3
8
17
4
1382
4
10791606
92253
4
5050
5
3
41855458
5
40733945
7
4
49654821
11741542
3
4
7
5
11
1094
4
10
6
59596
7
5
14
51678
7
10
7940064
6
5
7
6
10
8
7
5
6
5
18481054
4
13
7
5
6
14
5
41854086
30159679
15
7
6
10
7
10458581
5
4
4
10
7
3
7
5
12
7
3
4
8
21973139
4
9
7
8
4
60223
4
11
12
13
10612467
10
56833383
4
10
7
8
9
11
5
4
8
3
49093637
9
7
9
4
179788472
104977500
3
3
69899669
9
7
10
3
6
7
3
8
6
7
5
8
4
11684102
55382
3
9094075
4
4
14
3
7
9
11
12
8
3
6
24062
7
7940064
10
12
7
5
5
13
8
6
4
510796
7
4
9
9
41848983
9
4
5
11
5
7
3
3
5
24275944
41856350
9
8
18
4
10345122
3
13
6
8
145211
14
6
5
5
3
8
1119
18605928
8
7
13
81882
6652
49569341
7
10
7
3
5
8
338769
3
18
49062521
9
3
49631734
7
3204119
8
89795138
4
4
9094093
8
18
3
8
10
879248
5
89832191
27339417
13
15
3
5
4
4
5
4
29318548
10
3
4
5
5
4
12
18056186
10
41856357
4
12977
14
9
41856351
7
10
21844
10
7
13
11
4
3
3
5
10
10
7
7
5
3
5
21976808
41847593
14
4
11
3
8
6
14
12
3
10
3
6
3
3
6
3
3
7
4
3
31730
7
5
6
10
4
3
3
40739995
4
11
41856664
87804935
7
6
5
5
4954608
5
8
17012971
6
10
504127
3
13
3
12
6
12
5
3
3
3
5
5
19921451
7
13
10
8
6
13
41868066
3
123980732
11
8
9
2889141
4
3
12
4
12
16
14
9
5
3
7
6
5
3
8
5
9
6
14
3
11
3
45880120
5
4
3
6
8
4
49609866
138731
7
6
12
3
10
5
8
9
5
14
6
10
7080059
10
4
3
9
504130
5
3
5
9
8
49620028
38504393
3
5
8
6
5
7
7
9
11
7
8
5
9
3
3
5
5
3
3
18572352
10
12
9
6
7
7
107426
41879766
7
40739975
5
4
6
10
17
12
3
12
15
4
3
8
97211744
14
4
5
18
8
8
5991
9
104961
4
7
8
7
3
3
3
5
9
11197800
13
3
7
8673592
4
5
5
11605
4
41828241
31042256
41795462
7
4
5
93470310
5
13368
6
3
4
10
4
6
9
4
20433347
8904
8
7
8
7251131
7
10
6
6
5
4
1994
3
6
3
7756060
8
7
40739975
6
3435083
3
7
13
7
9193220
10328
5
7
5
4
13
67843698
3
13
9
3
3
6
7
4
10608377
6
7
11304096
12
5
11
6
10
41804520
8
7
7
9
6
1307202
11
9
4
49125620
13
12
6
5
3
38111804
17866
6
5
8
707146
7
8
16333410
850
10
3
5
10
9
13
5
3
11
8
3
6
4
3
6
8
3
4
3
6
5
5
6
3
7940064
19
16
8
10
3
8
11
11792172
9
10728301
9
4
6
41874678
5
18540379
8
5
3
6
7
6
12
41855436
1421513
3
4
10554256
3
6
4
9
5
41856354
9
8
13
4
505995
5
5
4
7
8
6
12
3
4
4
9
17824
8
8
6
5
59282785
6
533083
6
93469244
3
3
504127
11
189986335
6
11238116
4
62564
12
7940064
7
93470310
4
8
5
10
11
3
3
9
49642434
6
3
6
1370769
12
8
4
3
6
6
10
8
3
5
3
9
58647890
6
8
6
21976204
13
3
12
6
4
4
13
3
5
4
4
7
6
63935586
3
6
4
8
11
7
7
5
8
8
5
6
94150253
7
3
13
16
4
6
4
19
9
3
7761885
11
10
8
28141905
11
41856354
3
11
5
13
6
15
6
4
3
15
7
8
6
3
26783244
8
3
3
5
10822667
4
1364
5
685
49708880
49609512
12
3
7
7782217
4
6
3
3
5
6
4
7
4
5
4
5627
13
65437
3
8
6
7
49614931
3
10
3
7
14
7
7
9
7
8
4
11
10
12
3
3
3
8
4
7
12
14
4
12238
7941932
11
1282156
9
7
11
10
25546368
49510276
49133037
3
3
6
4
5
156920036
10
25520744
3
15
17967744
3
4
3
10610675
7
89832191
3
11
4
10
4
4
6
5
12
4
8
7056990
4
6
10
3
6
2313
12
10
5
11
12
47315579
40688182
4
5
40714480
3
5
3
3
7
30546848
9
4
505994
88190956
3
4
38144273
6
8
7938990
6
49138143
3
15582809
7
3
10
4
7
5
4
14796066
3
8
9
3
8
5
6
89828519
3
5
62160744
1234
8
511321
5
6
8
12
5
6
4
15
5
3
41898306
5
93138533
3
3
8
4
7
3
18058779
3
22801827
6
7
10250974
4
7
13
4
14
8
11
14
6
8
9
102327
4
10732233
2118
7
9
7776641
6236
10
89832926
7
40200781
3
4
6
10
49058368
9
33976189
5
11
7
6
4
81717719
7
11
8
9
9
15
5
11
6
8
6
5025
6
8
11
11
10
18554935
4
9
6
18057810
9
4
13
3
6
4
13
4
7
6
5
40722145
3
5
4
6
5
6
30188721
3
9
6
18111159
4
30957919
20935723
5
6
5
10
4
7
12
13
12
4
5
5
11
3
27687280
7
8
4
8
3789
8904
10
6
26289
11
5
6
6821
11
3
5
12
36
8
13
3
4
8
11
89805551
9
5
11
8
4
11
3
5
8
8
6
7
17961110
8
20
4
4
3
7
5
8
4
8
71388911
3
9
4
3
7
8
13
7
3
11
9
4
7
21711
7
6
6
7
10687247
224007281
12
3
13
12
8
43246
5
6
10
19922762
8
12
15178
4
27686435
13
8
4
5
4
167187712
63
9533219
11
7274507
4
3
12
756
5
3
50345714
3
5
5
11
3
3
6
4
6
3
9
5
7
8
6
3
6
7201759
2985
9
9
9208731
5738
4
7
3
3
11
7
6
5
4
6
4
92253
8
262492
10
7
7
1131060
89803310
7
57181
3
3
18899900
3
9
5
71329009
22074899
5
6
3
10616834
12
4
10
10
7747368
9
6779043
13
4
7
6041
12
4
4
5
6
12
10
8
9
8
7
11
5
12
4
7
5
11
119970277
7
4
30159679
7764175
11187627
4
7
3
8
4
16
8
11
13
7940064
3
8
22
9
7
10
15
7
3
3
4
1221971
13
8
3
4
5
41828242
3
4
3
7
17961105
7242133
5066
5
4
6
3
5
11
13
3
3
7
2070
11
5
13
6006
3
8
5
49129360
7
3
4
7
9
6
5
3
5
4
7
8
6625
11
3
7
3
3
9
5
41858456
76085
5
49133037
6
9
5
9
11
3
9
4
8
9193226
7
7
3
95311198
8
3
5
25750
12
8
12
5
99006
3
3
3
6
5
7
52611
20513290
10
114560728
18596899
7
11
6
5
3
18057804
6
3
359199
21973137
27116273
9133746
15769
9661593
12
5
3
7720553
3
10
3
11
3
6
4
3
6
9
6
10
41849422
13
10835261
40
6
10713822
4
8
7
3
10
12
5
3
4
3
24
5
15
12
13
6
4
8
8
6
59168
8
13
6
5
9
3
10
9
119231741
3
3
3
12
4
6
9
12
3
40225206
3
18152013
11
11
20548941
109488039
8
5
3
11
3
31052076
89832191
13
38710939
5
12
9
7
12736
7
6
3
5
5
7
7
9
5
5
9
79043293
17
9
5
8
5
7
3
6
5
6
19905461
7
11
7
9
3
146786678
5
4
12
7
4
5
6
6
5
5
6
13
547912
3
26180501
9
9
13
10
4910
4
84144961
416524
8
4
5
13
42268874
13
7
11
8
7263036
8
4
13
7242744
41856354
8
5
7
3
3
16
5
5
5
4
3
3
9193220
5
9492499
4
33833490
11
6
3
2746894
6
3
157270479
6009
5
8
7
4
10
10
6
4
3
3
7
7
19979018
4
4
5
8
4
41832125
5
47970660
5
18058306
57021
8
3
5993
6
2014
49709933
10
4
13
609
17
8
6
3
21973139
14
6
3
6
5
3
4
511345
6
18602541
4
3
3
8
5
12
6
41856349
4
7
4
10
5
6
504130
5991
31156294
12
3
93469249
67851217
10
40735205
10
12
3
5
3
10
6
3
14
7770991
16
4
3
11
10
3
4
5
13
6
10
5
20377217
5
10
11
40742921
13
5
6
12
3
3
3
4
4
11
5
7
9
6
5
8
6
4
9
7274502
6
5
5
10
50230336
10746623
9
7
41902872
3
57178
3
7940064
27685628
8
6
5
3
5
5
63071
8
10
6
9
6
9
9
5
10
7
3
9
40179193
57021
6
38994681
18892048
8
23270
5
3
5
5
3
7
13
7
5
8904
9
13
3
8
3
211
9
745
6
6
6
5
8
3
7
14
8
5
9
3
10
7
9
49152343
3
6
8
7947
5
4
6
560758
3
7
15
41856363
3
3
11231207
11057819
5
89832191
31162124
3
11
3501365
12
5
3
9
3
5
14
5
10
10250979
3
3
12
12
4
18
7234960
11289701
367
41865375
7
3
5
3
14940340
6
30655
6571
5
21
3
5
15
3
8
6
41864737
52320967
4
4
4
3
9
7186314
6
3
9
9
12
8
5
5
11
2373051
5
4
10
6
10
3
3
4
237415
3
7940064
3
11
8
5
6
9
5
10
6
9
8
11
8
13
5
12
7
6
5
40685265
7
4
49629676
14120
4
32
49633949
4
4
7
10
3
13
5
8
6
17077538
10
7
9
3
494545
6
4
4
11
7
6
7274496
4
4124
4
9075486
7
4
8
5
5
6
10
5
10
8
5
11262630
4
7940064
41856354
60
8
4
9
41674678
8289
9
10
6
8
12
4
7
7
5
9
6
7720550
8
6
5
4
7
18596891
7
10
3
10837581
10
3
11
11
3
499120
3
11
3
92253
3
11
7
5
3
4
9
3
4
5
14
7
9
4
11
11
12
4590
4
11
5
6
10
1231
5
5
65704
20181165
7
16694
10
6
4
1585
3
5460
30405139
8
7
5
12
9
7
7
345904
11171160
3
4
150862815
10
13
9
8
8
8
4
89803310
7
84214648
9
72
10
5
9
12
4
41856749
3
12
10
41855436
3
6
5
5
4
13
4
8
4
1614
41856360
16
1054854
3
7
7
6
8
101289245
7
6
49133044
7
6
10
9
6
7
5
11
8
7
6
4
10
41788313
10844159
5
7
3
8
3
6
10
58773783
3
3509
3
31055283
5
538437
5
3
12
5
15
6
5
4
11
7
6
3
49612362
7
9768
41832140
6
11
6
5016
7
11062922
9
3
5
14
8
13
7
95362690
3
8
4
41856360
10
9
8
11
3
89808643
6
8
12
4
12
3
103344661
4
27688422
11
7238447
8
8
4
3047
4
538
4
8
4
993240
4
7
13
7
8
7
6
1283
8
10
10
31036291
10
8
8
3
9
6
9
5
1000093
11
9
6
5
9
5
11
41783668
9
5
5
14
7291581
3
8
7
31183281
4383003
6
11
13
504127
4
89803310
9
9
943313
10
3
3
3
6
4
13
3
5
10
4
41865381
10
8
9
6
182814
7257761
60223
3956
5
5
9
4
10
49638608
12
31237
10
5
7218550
7
7
5
49138140
19909531
21950674
10
3
17
6
40153886
143131507
9193223
9
5
5
15149
7
7
9
63957266
6
3
49612362
5
6
4
6
3
8
14
2838
8
13
7
14
3
48824
35553662
7
6
8
5
13156
4
21914277
13
3
5
4
322938
8
41856354
8
40676566
8
8
5
7
3
6
10
8
12
5
40183412
3
6
7
1791
10834800
89832191
20276069
9
3
5
8
4
5
3
14
8
12
11
11
10
5
8143
5
7279069
3
3
87586
10835084
38394596
4
7242143
11
10884424
3
6
10
127768
6
8
10
4
9
5
10
3
38438797
27145490
3
10
8904
17
4
3
3
3
5
5
5159903
13
3
9
12404394
12
60057134
4
11
16
9
4
5
4
7
12
6
11
12
7789689
114591
4
4
10773734
13
11
8
6
11
3
5
7
11
13
4
21973139
10676829
11
12
33985034
7817274
8
4
47934
5
3
7858349
7
4
6
4
13
27677656
31204351
4
10
31102816
9
12
5
49127906
4
15
3
11
3
9
11
4645650
440
5
19922238
47059
5
12
165329401
7
8
5
9
5
7
25171523
11
10
12
11
10
8
3
4
15
12045
8
31151892
49093556
3
3
13
7247707
8
13
14
3
4
4
4
104961
14179
8
9
6
11
16
4
5
5
31061761
5
8
10
6
16
3
4
5
8
3
7773563
10
38666301
49622654
7937742
41769213
13
7
49148327
6
7
8
8
7
9
7864173
49145788
3
6
3
12
8904
4
9
12
7
7
67862527
10
3
3
26553221
12
120705567
4
8
8
10
9
4
17961110
13
6
5
6
7
41856353
5
4
7
13
9
10
9
5
182236311
7
8
8
7217178
6
3
12
41856360
7
9
46907
6
47938674
9
6
9
5
9
7
3
7
4
5
9
6
5
10
45892593
5
5
14
23051816
12787
10
6
14
15
5
47460
12
12
12
13
3
3
6
11
8
9
5
5
7
4607020
7
7
3
4
523862
3
8
40686465
4
6
10
17868061
6
3
21897
3
7
5
31639483
49034621
10
4
10
10
4
8
5
4
182814
25253460
3
4
5
5
13
3
3
7
3
14
3
31639483
47957773
10
506600
9
4
6
9
67861975
3
12
10
13
721547
1234
19905461
12
1234
4
9
10
8
5
5
539841
12
6
12
3
3
3
4
9
4
3
3
49621167
506600
11
8
5
3
4
9
9
3
7
41856354
8
3
3
41856354
13
32369
5
59557
7
9
3
11
9
6236
10
6
5
11
6
3
5
7
5
3
9
5
10
5
7750313
4
3
7
4
8
10
10
12
6
3
3
49710730
6
3005
13
14
10
6
8
9
6
3
40183430
7
4
89828250
9
9
4
10
4
10682961
10
9
9
11
5
7777637
4
3
3
6
7
19921310
10
6
6
3
70731330
40728002
5991
3
5
9
7
10689065
10
5
7824621
8
66420
8
6
11
96613
10
6
5
56053142
3
9
6
5
4
44393
8
6
3
9
12
10828390
6
10
6
3
3
3
3
7
6
6
41855436
13
10903
11170
18
9
11
3
12
11
8
5
6
7
6
12
6
9
7
8
8
10
11
9
121960
9
5
8
204123
103370587
4
3
6
5
7
41784423
27132781
5
3
27844508
40203327
18850
3243835
4
65
8
4
41875737
13
11
10
13
14
6
5
7
6
9
9
2006648
6321305
3
9
3
3
3
8
3
3
11
6
6
10
4
10828774
3
9
3
27623685
30957920
12
19
11
8
4
188468
10
6
7
5
6
5
5
6
9208731
9
6
8
8
11
6
3
10261189
7
3
3
12113
8
3
4
37654
13
8
9
7
8
8
4
7
7
10
9736
5
4
31016193
3
5
3
6
7
3
3
7770491
4
3
7
8
6
6
10
7940064
3
9
30480581
3
4
6
37392848
9
10666504
5
13
8
100
8
3
6
11
5
14
13
49393347
4
10
10
9
9
7
3
12
3
3
7
11
7
7
5
6
11
4
6
6
9
3
6
9
6
10
20548939
3
7269473
5
11
5
11
3
8
3
10
4
6
12
7
41803214
32794951
49089421
7
4
5
11277950
10
9
7
5
114497876
5
3
11
7
3
23664
3
8904
6
3
24165
9
13
49709760
7
11
4
40183407
8
8
5
8
19
40676828
41856354
5
4
4
504127
9
5
8
19
3
4
7
14
6
11
11
19905458
3
4
8904
5457
6
3
6
8
8
9
3
3
5
37364883
4
12
3
8
10
5
10
15
5
6
15
4
5
5
6
12
5677
46011098
9
9
8904
4
16
3
6
10
12
3
6
52703195
4
11
13
6
15092034
55250823
7
11
5
10
10
6
8
12
4
21973139
8
16
10
6
10
3
13
3
20
5
14
38115399
5
7
16
6
7
7
5
504127
27164995
5
3
10
32096706
7793803
14
7799668
9
6
3838
13
1794
56
13
10
13929
11269968
10
6
6
7
41899957
535931
4
6
10
7
10
6
4
5
131415478
13
6
5
9187189
19922761
10
4
8
11
3
49620027
17
7940064
4
3
11
4
9
31153303
4
4
6
9
4
3
10
28395334
5
4
5
12192766
27128349
3
78530078
4
3
27844508
4
5
18372
6
12
49596478
57188
5
10
14
12
11
6
7
6
4
8
3652
3
7
2005
17
3
3
9
10
10
7
3
6
700
49553862
4
71342122
9
12
10
60298928
13
10
8
4
8
4
9
6
8
3
6
5
4
17
4
10807448
12
13
12
5
9
49600424
8
7
4
6
4
6
3
41856351
14
10845816
7
6
11
10
274
11239
51060023
7
8
5
3
10
3
5
5
4
11
3047
9
15
6
19922761
6
5
8
10
11
6
4
32414960
38315712
5
7
27142889
21948360
11
14
75626118
506600
8
41889503
9
10
492322
3
502458
8
6
4
27153423
30918
555288
3
93469263
10
8
9
5
5
6
5
9
6
8
6
11
47934874
5
11
5
3
41856344
13
21934163
13
21978953
5
12
3
18899900
7
11
3
5
19911397
3
12
9
7
11
17
4
6
4
14
7
8
9
40571
7
5
5
14
5
11
5
88643344
3
3
3
11
131415479
6
6
7
1475
3
3
8
11
6
9
8
9
3
10
9
49012520
13
18899900
3
5
4
13
13
20276068
4
13
12
10
8
7
9
15
6
8
2987
7
6
12
10
8
5
3
6
9
8
6
9
7
11
3
7804623
9
12
3
3
6
5
3
8
7
533667
13
3
17
8
6
12
6
8
3
7
10
6
15
3
7
5888
11
10
56251767
6
8
10877349
3
89812905
11
4
3
8
4
1585
7
4
7
34626
3
5
6
31113652
5
7
12
4
3649
12
9
5
5
8
7
12
3
10
4
10
15
13
4
5
11
3
9
47
6
369
10
3653
5
4
9
9
184443
6
5661849
11
5
5
3
9
8
5
8
38332850
9
10
3
14
12
5
31116307
12
8
12
3
6
9
18057520
6
9
6
6
10
41851578
5
7
10846813
9
5
7
526
73580660
8
7
4292837
10
12
10
3
5
7
5
13
3
6
9
19937861
8904
5
14
10
21968856
6
8
9
4
21882145
13
12
92251
3
6
12
5
15
12
12
3
14
3
6
4
1694227
9
9
4
37488720
7
3
4
41832140
8
8
8
11
9
5
6
9
5991
11
10
3
89523847
27683695
10
10
41814810
5
13
9
41856354
3
6
5
11
6
5
6008
3
5438775
10
9
3
38469475
11
10
41856353
49607931
7
8
4
7
33397
4
6
3
5
10817377
10
5
5
4
6
65333281
3
3
11
9
7
7940064
8
4
13
15
3
10
4
75406185
10
9
5
7
8
6
5
5
8
3064
9
3
6
5
8
52090
7216734
14
3
7
5
13
5310965
65270
10
9
4
12
3
4
7
12
11
5
4
5
4
8
7
7720556
485599
9
11
3
5
5
11
7
13
8
2854
3
9
3
3
527053
5
3
11
9
5
10
11
4
3
5218432
20358935
7
12
5
3
7778932
11
5
8
9
6
6
6
9
10
19907799
10
11
7
9
5
5
4
3
5
7
22933119
5
307547
803000
8
5
6
4847
4
5
5
7
3
4
5
40739096
3
93469244
6
4
3
13
5
7
11
3
5
8
4
8
87549
7
5
16
18081856
6
8
5
6
335
10836281
3
10
15
89837466
6
13
7
10703188
4
14
14
6800
11
8
11
10458581
7
41856347
20
42
9
25
3
3
4
18526665
11
6646
6
3
6
10789563
8
27164994
7
16
3
4
1022405
9
80385551
5
8
5
10
12
10
9
11
11
4
50588713
63429249
9
19
4
9
5
7
11
9
8
15
49654819
4
3
76362885
10
26524845
6
7
3
11
4
6
6
13896789
3
27164995
12
8
12
5
28840
6
6
30575467
9
6
8
5
6
49708096
4
7
5
7
3
6
6
15
17
7
5
8
4
3
5
4
79094343
10719331
12
3
8
19886534
18570550
30976657
5
6
3
8
7249699
13
10689123
4
7
9
36278
3
510796
5
30167618
10
5
3
6
5
8
9
49645696
6
7
3
9
5
3
3
3
7
11
5
31161604
5
14814244
3
6
4
6
9
8
87826111
26752071
6
5
6
4
4
5
5
7
4
6
31057576
11
9
13
5
4
5
9
8
7
7
41833641
10
7
15
5
3
41781851
7
3
4
188455
10
4
9
3
3
8
47215
4
4
10
20005628
5
79312
4
7
64908
7
3
5
9
12
21973139
155954365
9
7940064
10
7
6
3
5
9
26765279
7
27171180
6
6
10
5482
6
10777099
77617166
5
7
7
6
8
6
10
6
8904
5
8
4
12
14
5
8
4
8
6
49142561
12
11
40739975
7
9
14
13
9
5
59596
4
19597948
9
10
40190218
66762
4
9
5
9
3
3
122
5
6
12
11
7
5
8904
3
15
3
13
9
12
38666296
8
3
3
10
7
5
13
10
5
5
31133344
12
41875845
11
9
13
4
14
10
3
10
11
89822201
6
9
452271
5
3
6
11
21973139
139068731
6
78107186
5
3
10
56716089
12
7
4
5
40739976
3
4
9
362
5
8
18605929
11
19889360
19
5
3
7
58757953
10
3
6
5
416
3
12
41809434
6
3
3
4
90588898
9
13
10
3
9
190112816
56199
4
5
7273747
5
10
4
10
6
6
8
27844508
2788894
12
12
45030714
17
5
9
24228
40710534
8
6
12
5
10
5
23427849
7
3
43239343
56
6
6
37364884
14
4
30957921
7
12
5
7
10
7
5
5
11
15
7
6
497178
5
6
66417697
12
3
8
5
7
6
9
9
9
6
989
12
3
12
12
10
49
8
8
10
10
10
41856354
28882207
3
10
3
509438
8
4
4
4
4
115589
5
10809536
9
22760
6
289336
3
5
9
41855436
7
4
4
46147240
3
3
17495002
3
6
7
4
12
9
49634044
6
22545548
3
21616
3
9
9
7
5
4
5
7
11
7
9
6
4
6
1581
7
4
6
4
4
5
11
11
11
8
4
3
89832191
124827320
5
3
10
8
59596
13
11
49139512
40190630
4
3
12
4
17573986
9
31165723
10
5
5
8
7
12
7
3
254826
12
7380
8
11
9
12
13
12
6
41888203
6
6
7
3
5
8904
27752084
3
10
5
3
3
3
3
8
78839
452268
5
6
7
7937733
1200
7
3
10
8904
8
6
6
3
5
21979588
10
14
12
10
2060157
160191
11
8
5
15
9
7
5036
119875
4
13
189907666
12
6
8
6
6
3
12
8
4
3
6
27138392
5
8
49607980
8
14
13
5
4
49631129
3
11
3
20187297
10819096
4613331
7
8
3
10
9
3
12
6
8
12
12
6
4
5
7
3
6
21
10
3
7
6
20263316
9
4
5
3
7
10803089
49634475
8
3
7
10
11
4
5
4
4
3
13
3
3
4
7
17012074
166264742
41856354
11288081
7
12
11
7
15924772
6
11
8
3
3
11
5
7
8
5
5
10
37826287
3
3
6
7
6
11278560
11
5
5
10
6
4
5
8
11
10
10
9
41847593
4
97689313
8
3
3
4
6
5
10711
4
3
14803015
7744099
4
9075486
4
4
6
21
7
7
6
26069241
9
7
6
3
9
6
6
49034621
5
6
10
8904
9
9
8
7237849
12
5
5
3
9
50704
89732209
3
12
7
6
89832191
93467916
5
8
7
19905460
3
12
6
7
7
4
8
47976596
5
21892264
7762743
31135900
4
6
10
4
11
6
7
8
8
4
7
27671436
64909
10
3
7
6
41898285
5
3
5
5
10250974
14
5
3
13
6
49590765
8
7
3
10
10
5
7
3
6
5
3
16
49088429
89818312
7
7
7
11
9
4
9
9
12
13
5
11
10
9
4
7
13
10
8
8
7
1439
6
7
11472
11
9
5
5
12
8
6
7
13
5686358
247042
297
16
7
3
7698068
3
5
7
7
11
7
9
35572153
7
4
36140341
10
6
10
5
13
11
5
10
7
2338026
8
889
1875
9
7
4
6
7
4
5
10714372
5
4
5
6
4
11
7
5
5
7
384452
39896438
6
12
9
10
11
7
6
3
41856352
7
10
7
4
5
11
3
7
6
6
9
5
3
5
13
28363867
5
3
3
2993
2985
5
9
5
601
9
9
40733523
4
89826995
8
6
7
7
5
6
82678013
9
3
8108
9
4
26862109
4
4
37654
10
10
21734
41855459
18
3
49665389
5
14
4
7
12
5
7
14
8
5
8
31035100
4
10
7
10
7
9
12
7
5687757
5
14
31144848
7
7
4
41899944
9
11
4
3
8
7940064
4
19871654
18342832
10
5
7622
11
7
5
37808463
3
7
5
12
9
58778387
3
8
7940064
10
3
45338510
4
13
3
7
11
8
16
3
5
6
6
6
6
5
8
3
7
11
10
8
3
93469246
4
16
12
3
11
49634044
5
10845295
37409667
13940
12
7
4
16
49888794
53375937
3
7220267
7
10
8
47215
4
3
7771635
7
32092158
8
8
10724750
9
13
6
4
5
14
10
3
17
7
10
4
10
4
10
7
7295879
10
7
5
8
10
7
16
6
13
6
6
9
5
9
5
6
5
511333
6
114219
5
7
4
7
96783
7
3
6
3
8
21973139
665481
237
3
4
13213549
4
13
7
14
3
19670
4
7
33497
44410717
4
3
9193220
4
10
14
3
3
49062020
41208942
7827
17
10
6
6
8
6
8
27844508
6
49118750
3
13
7
6
4829
11
47963397
8
4
11
3
138985180
7
4
14
3
3
3
7
10
19905461
560761
6
13
3
12
4
28062
4
4
3
16
3
7756060
38710940
11
21854772
26457
21605470
10
13
6
57659
5
6
5
8
6
6474
17455859
4
3
3
6
5
3
13
3
4
3
7
7
10
6
4
4
127577
5
312
80576
3
4
5
3
14
5
9
8
40185375
4
3
5
6
8
8
5
7
7937732
9
5
9
3
19
7
5
4
7
1198081
10
8
4
9
6
5
11
6
6
10
8
3
3
4
2850925
6
3
31036198
1412538
5
8
5
49622722
5
11
7
3
4
3
41855454
7251131
88741734
29
10
9
3
7
7268769
6
4
6
6
4
13
5
41852526
5
38344175
5
7
49118753
3
4
3
4
3
7
9
10
8
19887973
18
9
7
8
9
5
11
9
4
5
11
12
293
8
2985
12
6
3
939
8
3
21060
6
7
3
19
3
8
557904
11
9193220
10
11171705
3
175923625
6
9
8
5
9
41875845
11
5
11197800
9
5
54911793
21
84817616
304832
20725511
3
5
49142301
5
3
18285
4
3
9
3
6
69945247
4
3
8
16
9
3
3
11
7
105165139
3
8
5
9
7
11
4
3
6
7782217
3
5
7
5
10
103040008
6
445
11
13
5
9
5
4
3
10
4
7
3
79926661
6
19913619
6
3041
7
7
3
3
10
66011310
49590764
7
3
4
6
4
20548941
9
8
12
12
3557
9
10
11
8
5
11247121
11
7
11
8
5
12
8
52515
5
5
31103596
46572
4
9
5
10755330
41832129
7220325
88764
5
8
6
4
9
3
8
10
59169
7
10
5
7
14515220
4
3
7800767
49083486
5
4
5
6
3
3
6
7
3
7
3
18899900
9
5
3
19905459
11
12
3
9
10
4
4
7
5
19920276
9
7
4
9
220951
10
12
15
10
6467089
7
10
6
4
4
4
3
8
7
6
8
3
11205799
5
9
4
5
3
10
5
8
56795955
9
7718862
152082990
6
5
5
3
4
6
4
8
5
54727422
6
551764
5
9
21952923
9
4
3
5
7
3
5
11
6
4
9
6
9
7
7
3
5
3
11
11
3
14
3
47976596
7
10
3
6
9
11
108365
11
57021
4
4
10
996
10
10
14
12
8
7
8
10
11
5
10
41856348
3
3
9
40679329
568143
8
8
10
3
4
4
3
19946354
7
9
5
3
4
8
8
9
5
50230685
3
9
4
6
3
3
15
4
3
7
18092006
10
5
11638659
6
27953
10
8
11
5
7
5
8
5
8
196934
4
3
7
11
7
6
7
7
6
3
27165158
34759940
3
9
8
3
9
6
11080302
3
41856851
38650830
2985
509774
5
18064270
38666301
3
20580
6
10
7
7
41856362
9
4
10
49143626
9196684
6
9529
3
11
11
47945878
10
5
13
5
9
5
88586
9
4
74333348
8
8
253421
6
13
4
4
7
7
7
3
6
3
38715842
4
6
13
4
3
9
40767781
41887044
41855638
7264381
3
8
5
3
6
17
5
7
9
37811720
21973139
3
9
41828240
21
8
4
505900
9
49630716
10
4
49598452
6
4
8
7766359
10
4
4
5
4
12
4
3
8
41847846
10
7
5
10
8
12
9
6
12
8
5
145122904
3
6
114119399
7
22769
4
7258034
6
7
42720074
3
4
6
8
30132115
7
3
10
5
49107593
6
6
4
4
10
27844508
505171
3
9
5
3
5
10
3
16
41226
37364884
9
3
5130873
6
7
8
3
4
7940064
3
9517
93470310
31128448
3
11
16
6
40175210
7
5
7
6
3
7
44419
7
9
10
37398083
31083227
8
13
8
31062557
5
5
5
6
5
8
9
9
40207538
7
7
6
6
75589687
9
40731983
10
11
4
9
13
4
13
7
11
93469246
3
41784427
9
10
4
425875
12
11
14
4
3
5
8
5
5
4
3
11
5840
13
5
5
12
7
3
38940990
10820392
6
3
11
6
17868061
9
4
3
5
7
5
47952886
4
41867723
5
6
7
5
6
14
5
10
4
7
6
219200
11
4
5
4
7234960
3
8
5
5
6
4
18090603
10
5
49133037
7
5
9
9
3
21977668
57495
6
12
7784353
10
5
5
78117789
5
13
13
6
10
3
9
5
13
18312491
12
7
7802357
38337940
9
21
4
4
3
6
14
10
4
8904
8
3
6
1203188
8
10
9
5
10
3
5
84740
3
4
13
8
3
5
7
5
12520538
3
5
7740305
2332
59614
10
11
7
4
7
28176772
5
3
12
47952886
6
8
31
5
4
6
19905462
22713404
55417015
3
6
16119989
3
4
4
3
20935733
6
11
2978
10
12
4
9
6
12
12
941877
31046026
9
569362
15
13
13
49127868
3
5
9
13
3046
6
14
1801
10
12
8
13
124754
3
6
57280
5
5641
13
62760203
7
3
40739979
5
8
8
4
4
5
7
3
12
8
7
4
4
10
3
3
114207036
6
3
4
12
47952886
7
8
8904
1614
6
3
9
4
5
5
3
3
13
3
5
4
21958947
3
12
7
21973139
5
14
8
12014231
8
10
10
5
3
3
17
71446136
5
7
6
2117
10
4
7
62302195
11
3
21
85631
3
13
3
41829946
3
3
5
38347083
11
11
10
9
3
37654
18899900
4
3
11
3
5
386
10
3
4
9
112
5
8
6
7
10
49652931
484486
12
18584158
4
20377216
12
3
12
3
40676569
4
7
6
7258917
5
5
406070
4
4
31031370
10
4
18
15
58784436
49596210
6
5
13
4
13
5
49598483
10
3
7
41882518
84738
30577454
9
542415
45419
9193223
3
3
8
11
5
7
12
5
10
7
4
5
10
26022299
10
5
11
18590826
9135
4
3
6
13
4
3
3
3
49631472
5
10
5
4
18081855
4
6
3
8
10
9
5
3
3
14
7
8
15
5093
4
38610446
9
6
6
4
7270303
9196625
8904
3
3
41856358
7
4679
6
9
9
6
41855436
11
9
6
4
11
7
9
41847593
53355655
387711
2004
11296344
4
3
5
5
5
10145013
8
41856348
38872368
3
4
4
8
27677571
21895263
3
13
9
13
12
6
4
8
15
60422713
3
3
58970
27116270
4
3
4
5
9
10
19271
4
6
7
32886506
10
4
510362
4
38482
9
14
10
11
10
5
6
3
8
6
8
7
8
11
19905461
9
8
3
5
11
3
7
3
8
10599996
8
3
4
179023
4
3
4
9
8
19922238
3
6
423488
10
6
550164
7940064
5
6
4
6
61958780
3
7
5
3
11
3
5
7
4
63225763
14
3
7
41662302
5
69942755
3
3
3
9
1878
10
9
9
7
6
3
5
3
6
6
4
47968716
19
4
6
13
4
9
3
10
8
26844
10821122
9303
60918015
6
13
5
67826329
10613911
5
8407
31035433
12
7
41818966
4
4
3
17
5
49569373
6
5
11
12
45083849
6
7
8
49615575
9
4
3
15
7
6
13
10612467
7
5
10
7940064
5
5
4
10367
4
10
8
90954
5
11
9
12
12373
49120070
5
75634266
57282
12
8
5
7
3
30653120
10
6
1952791
13
4
5
8
5
6
23244891
5
3
4
3
3
3
3
10
4
18052796
484718
11
93467908
41865381
38872750
21973137
12
8
3
3
3
5
5
6
7
25157410
11
9
8
3
193373470
7240509
7
15
5
9
3
3
3
5
41867685
6
8
4
8676710
9
10
7
3
5
4485
3
3
20
10
6
4859
11
15890
4
13
6
18262444
4
8
15
4
10
17
6
6
8
12
9
3
7
5
6
5
10
6
3
11
9
1301134
7
5
8
7
5
4
6
9
9
4
3
11
12
5
6
3
9
6
3
6
26773
5
27628826
3
34444
4
5
8
10
7
10808665
6
5
5
6
7
6
8
3
6
4
6
43074
3
5
5
6
4
30903
7261
6
5
8
9
9
11
3
3
520731
5
8
4
46075714
42383969
557901
31639483
11
8
7
5
6
6
4
4
7
4
33497
4
36278
6740
4
4
9
5
8
5
7
10
5
25
19584692
8
6
5
9
3
11158364
6
27693854
10
7
12
7
7
89751691
9
49577981
49650490
4
5
3
47931833
66120006
3
7940064
10
12
4
4
9
6
89832191
4
11
800
6
18433856
9
11
12
3
4
4
9
13
7
11
3
11
9
5
5
4
6
7
89832191
6
48869
3
12
7
3
7
3
24803
49634044
11
5
5
93469255
76929301
5
7
329748
6
45323812
3
6
15
10659872
7
8758
15
4
12
9
3
3
446292
9
6
11
24191
15
3
6
5
9
3
6
5
4
4
93469262
3
9
4
7
10637045
6
4
3
3
7
6
9
12
7
7
6
7
3
43074
22314307
4
8
3
7
10
8
4
5
7
12
11
6
7
12
78107172
3
4
9
367
71325
4
4
3
13
40226928
9
9
14
4
38988164
6
15
502011
6
10
7
4322189
7249998
5
8
4
10
551759
7
13
6
3
3
5
5
49590773
4
11
8
12
5
3
15
5
4
16
4
4
9
14
6
5
4
13
9
12
10
43758663
4
6
1035590
9
3
5
41856353
6
12
6
5
6
4
3
6
13
3
7
10964097
7940064
47970689
5
109584593
3
9
8
10
18084400
8
3
49138140
6
49125459
11695082
9
6
8
9
12
4
15
4
11
13
12
4
8
21973137
8
10
28032
3
6
5
6
10
8
5
18548032
7
3
4
6
4
6
9
4
14
4
41856347
6
13
6
9
40676152
7
27649012
49619786
8
9
11
70536
3
7
7
12
20548939
6
6
3
3
6
4
7
5
7
40153886
4
8
49138140
6
4
38124966
8
251
11
8
15
5
3
14
5
4
3
3
11717130
551759
13
7
850
15
10
7247420
13
9
30995254
10840732
3669390
135352
10
11
3
11
3
10
8
8
58671247
3
7
10
8
12873
69782538
7763175
8
6
10
10
9
8
5
6
45839688
10690055
11
7
3
4
6
10
10
8
4
33193
6
5035
7776090
7
4
5
14
6
6
13
10
5
5
9
3
6
4
47972882
16
4
6
1305248
158684452
40672038
10
7
10
11
6
11
10
11
18899900
6
5
4
12
5
3
38426530
3
4
5
9
4
8
70493921
3
8
6
9
540905
8
5
5
3652
5
89813670
7
4
6
5
3
11
11
13
7801144
58764702
8
3
3
40170256
11
9
4
7142
10
89812575
7
9
3
4
12
38925425
56713225
3
26840418
6
31171325
4
41874223
8
13
7
6
5
12
5
5
6
7
4
10
9242750
5
8
3
6
6
3
5
10758872
5
8
7
9
3
6
13
6
542710
3
5
5
17
12711283
49629510
17
7251131
3
15
9
9
3
14
10
5
59587
4
10
3
16
7
5
7
3
8
13
82103230
8
8
3
4
7
10
6
10
3
5
12
8
6
3
41856354
9
4
4
7
3
3
6
47221
8
12
504770
12631541
3
5
4
8
12
3
8
3
10
11
3
3
3
6
12
14
57502798
10
5
7
6
7
76410907
41649
7
3
5
8
4
3
4
12
7
3
7
4
25377
5
5
8
5
3
21974445
7
38504393
90460442
10
6
10
7
7
3
6693
4
3
3
11
12
11
3
12
5
8
3
10
11
3
135794
14
25793963
6
14
13
3
4
367
3
4
8904
7
11
18
14
13
7
27149157
8
4
6
10
49621473
12
12
6
6
4
10
20935735
27844508
4
5
35401482
3
6
6
3
9
5
6
7
6
3
15
35808404
21677
5
5
4
4
61698649
4
3
12
3
31177
8
9
11
3
3
8
4
3
5
6
7
3
65056129
13
13136
6
10807855
17
41856363
4
3
4
3
6
6
2192
6
3
3
8
5
10
25691531
8
15
3
18074361
5
14
4
6
10
5
4
9
8
4
5
7
5
7234901
9
3
12
7
9
15
367
3
10
18899900
6
5
11
3
5
8
4
6
5
4
5
3
3
6
8
7
11
3
3
15
9
27844508
11
9
5
8
3547
4
4
12
9
5
47973325
75596337
6
11
6
13
16
7
3
49067350
3
19905461
9
3
7206745
6
4
6
14
7
4
7
4
3651
5
56950704
5
10
8
49636442
8
4
7
8
13
10
10
3
10
7
11
6
4
4
11156447
6
3
8
7
5
4
3
10805933
5
17
3
9
3
4
3
7
7
9
8
8
9
3
7726522
3
5
9
6
40739975
9
16
10
7218928
49152459
536279
3
7
13
4
11
6
5
6
8
5
23
15
8
8
3
6
7
6
131127905
7257760
5
6
4
6
1878
3
5
13
8
7
6
6
6
13
12
8
6
9
8
7
12
12
4
11
10
7
8
6
7090010
3
6
12
38482
87775521
9151
3
3
10806851
10
3
5
11
3
12
9
10
6
4
7
89832191
8
7804623
41847593
7
6
49709634
49632066
41788101
5864874
8
3
7
5
5
41856691
5
7
4
3
3
6
6
6
3
5
20332
3
9
5
11
13
9
4
8
15
40939720
16
4
11
64814
8
13196135
8
4
5
3
3
4
6
8
10
5
6
6079825
3
12
5
11
3
12
17
9
6
5
4
9
4
9
5
10
10
3
5
10
42430390
11
11
11
8
5
89832931
10
3
6
7
8
11
3
7
13
9
4
3
3
112552
10
506600
7
7
4
49615575
10
12
5
5
6
4
4
7
13
3
12
4
3
15
7
7
12
8
47142450
6
6
4
81927791
6
10
47976596
6
8
9
6
13
8
5
22134436
3
8
3
4
10
5
12
5
6
6
10835647
10
3
5
9
7
11
10
8
8
3
131865098
5
9
3
5
5
6
12
9
6
7
13
7940064
3
12627
3
13
4
5
20
4
49660506
7
12
5
12
10
49143782
31063420
3
11
2207
9
7
4
11
5
6
4
20
5
9
5
6
5
6
7
86592082
3
37913645
13
12
3
8
11655163
7
4
7
3
4
5
11
13
18083845
10
4921185
5
8
7
11
5
17
4
8
15
4
3
5
6
4
6
10
7
4
33552551
4
7
5
99422
9
11
16
5
8
18933720
6
4
12
6
21853586
10
6
27684654
7
3
8
4
11
8
5
37917752
4
12
5
3
6
121129
7
7
9
1376115
12287
8
5
3
3
9
6
3
6
14
10
10
41803214
5
5
15
4
12
57021
13
6
13
7
49709743
3
3
3
6
9
6
5
148793
3
8
7
5
18
10
8
8
8
29850
6
10
11
8
8
27844508
7
493332
15
9
6
41820331
7
6
4
6
5
4
11
41880163
7
5
8
4
9
5
3
5
6
5
3
3
5
5
3
9
9973
5
4
41847593
498490
58023
4
12
8
5
5
7
13
4
4
3
21247
3
3
3
506603
5
6
7
4
5
7
8
5
7
3
9
8
10
7
3
18085164
12
11298215
4
11
40739979
11
12
6
5
4
4
9
4
801815
12
7
8
5
58776822
8
6
7
8
6
5
9
8
49145660
5
4
9
8
5
5
6
1238450
10
15486
3
44797340
32788336
7
8
6
9
1179
4
4
73109003
49631129
6
6
5
3
3
3
3
7
6
7776852
9
7
15564288
6
3
15
8
11
5
11
20548941
49143777
4
6
4
11981453
254834
4
4
10
5
8
12
40739978
8
3
14
7
3
8
5
21
8
6
29169959
5
5
41874439
4
10
7380
7
40714018
49622722
6
101944538
8904
3
75460
31250078
14
8
9
5
26062368
21113945
7269473
10
9
9
3
5
60512327
10
5
4
10
31161361
4
7
10
4
11
3197788
6
7
11
8
18051091
7
10250974
15
11
3
58776822
9
5
4
8
758
4
4
4
5
11248592
40181172
6
5
7
8
20103956
6
5
4
3
3
8
13
19907167
3
4
2214
15
141997851
10
8
4
13
5
6
3
8
11
8
10
8
6
13
4
6
3
8
8
4
3
13
6
5
3
12
8
7261494
13
6
10770
700
11
7
18289
3
9
4
7
3
5
6
9768
11
7260219
41855448
6
9
3
19
3
17
7
3
9
15327549
10458588
12
4
7940064
11
3
11289540
4
9
4
8904
5
4
6
7
49609781
9
6
8047
5
7
22842
4
5
7
9
10
3
5
3
7
3
47970525
34154895
9
3
5
5
6
4
5
4
6
3
2111
327314
4
538
853
92247
10
65717983
4
6241
7982
7
37638744
9
6
2989
9
5
12
5390667
10
10
5
89822201
10
12
9
6
5
7
12
17
8
56841554
92808574
7207147
3
8
31148828
13
3
12
13
862
6
11293410
16568166
10
3
10
6
3
3
13
12
4
4
3
11
6
3
10
4
4837570
9
7
16
8
7
5
10
1010342
4
8
5
3
144538352
3
3
12
4
6
3
10
11
7
13
4
10732251
8
3
9
78130802
7
7
3
10
5
2985
8
5
4073
493332
17
387717
41784427
10
49652718
7770315
15
8
12
8
4
9
5
67864827
13
9
9
4
5
7
8
2405786
3
9
40180813
4
3
56815
4
12
4
7
13
7
6
2116
4
5
4
17968655
5
7
45878735
131877539
11
555288
8
6
3
18571399
5
3
21839
49126492
7236502
89832191
7249701
5
8
3
5
41788133
13
6
3
13
10
424
3
27844508
8
10
11
59596
87000964
3
10
14
5
8
11
14
5
31030128
4
6
1960
10
6
14
12
17
5
9
10
11
7
3
49143782
7
41856363
47976596
6
7
180778889
3
7274226
14
3
118129
15
11
5
11
22
8
49660504
49117078
12
6
7
13
11
3
10
6
6
9
11
3
9
3
8
8
4
98866479
8
13
7
8
6
10
8
11
12
5
10
61350624
25
3
9
3
13
7
3
3
10
3
6
3
26763095
7
5
10745
7895
6
9
12
5
3
9
6
49552120
19892872
4
47960265
5
10
7
9
4
5
8
49080484
9
4
7
5
5
9768
7
11
4
3
7
13
8
49710198
5
40187133
8
40741237
8
3
4
10
10
114145164
41881257
12
11
6
41856701
11
510376
7
18301110
11
9
3
9
7
5
6
9
49624966
14
7
5
5
6
3
15
4
6046
3
7
4
3
5568593
10
69945258
7
9
4
8
6
23455
5
4
5
4
3
7
7
6
9
6
5
4
7
39010632
5
7
5
4
6
3
8904
6
16169394
3
7
40720971
87982
5
6
9
5
31156295
8
13
10
37422312
5
8
5
3
5
7
90233863
3
37795236
5
6
9
6
4
5
12
9
8
6
212266045
5
4
11
9
11
19172655
10836454
8
5
3
5
212710150
3
11
12
8
3
9
13
5
5
41856350
12
14
6
11
10
11
7
3
125102286
13
10
11
32798695
13
12
4
12
5
11163221
7
3
3
3
7
15
21973139
14
158271
3
6
3
24206
3
4
12
4
11
20387316
5
9
6
6
19878
7
6
6
59596
10
11
4
11
3
6
1878
10
11
10
10
4
5
6
4
3
7
6
6
7
6
32884305
6
8
9
11645597
10798235
49250
27844508
8
6
82567834
5
3
3
3
3
11264646
4
9
3
11
4
22739113
6
6
7
7
27632625
48213122
5
4
4
10
3
26480644
7
16692
7
32583
5
8
5
8
9
6
13
12
4
3
9
8
11
4
127990
10
6
9
5
13
7
3
6
6
9
3
12
84079
12
6
5
39376
11
4
3
7
11
18596899
12
7
38298839
3
5
10
3
4
5
6
7
16
5
10
4
3
7260673
3
10
12
6
443934
4
7
6
3
3
3
37364884
11277250
5
27037065
5
408253
7
56705
4
4
3
11
92247
4
30127781
5
9
3
7
4814
4
4
9
4
8
9
31106068
8
9
11
3
10
14
7
31423969
6
7
3
31031113
18080678
41868083
5
11
8
9
7
11
3
5
4
12993774
8
40227260
8
4
5
12
9
6
10
7
11
27367
5
7
19925255
8
10
3
89803455
49143782
49143782
49642676
5
4
14
111461747
7
12
5
6
8
12
9
11202761
7
49642486
10
6
3
8
6
4
6
21975132
5
8
7
12
27618331
3
9
11
12553081
7
5
9
5
6
7
102892
3
103671681
60422713
3
6
9
5
5
19920017
40228122
8
10
7806886
8
6
6
3
41856354
7
30691
72484887
3
9
4
7240509
13
7
3
6
5
10
9
3
9
7
9
3
10
40739975
4
3
2652
59596
5
3
7882
5
7
7
41892434
860
6
387717
10
13
15
3253401
7
7
3
8
6
5
8
9
4
8904
792146
4
7
12
10891005
11
7
3
8
8
4
9
14
7
7740304
5
4
4
15
31056395
17259
8
11
6
7237909
6
7
7
6
3
5
5
6
10
12
3
5
7
11
6
9193223
58662598
5
10
6
3
10
41875588
3
6
9087789
4
6
11
3
4
3
49107236
10
10
11529
19916130
3
4
5
6
3
5
8194
4
3
27682572
7
8
6
9
16
4
11
8
3
6
7
3
4
5
8
4
1964
38678390
3
41855436
3
3
6472495
5
3
5
3
7
3
10
5
4
10
80439894
12
10796642
3
3
93420137
5408
9
7262875
3
7
7
4
12
6
7242133
40733945
7259526
10
31036197
5
4
10
7
66417697
3
7
7
8
10
5
10701851
12
4
15
4
9
3
6
6
5
9
10
5
3
38326019
97742698
7
11
13
123234203
65927258
49086479
14
6
6
11
6
4
13
2985
3
8
63333345
12
3
19
11
5
4
7
8
6
13
4
13
4
6
4
3
8
9
59596
4
11
11
10
3
10
5
3
6
4
13
14
16
12
4
3
15
8
6
2899
13
4
3
7
10
12
58484
9
7
89728685
10
10
7255945
7251134
41858454
9
7261494
58468
10
11
5
3
5
8
9
4
37405853
9
13
7658
4
19026616
19882052
9
6
5
3
5
5
96739857
12
13
6
9
3
9
7248630
56713225
527
11
4
4
8
3
14
49143782
4
5
8
8
5
5
8
8
28913854
9
10
8
8
10
6
6
700
6
4
7
11
18091394
21973139
6009
3
5
8
4
5
14
31208035
3
3
75039806
4
7
5
6
7
3
43660275
8
16
4
8
7
49142301
3
7
3
4
6827
5
9
47952886
6
3
11
5
10892758
3
19924731
3
1858
13
8
10
6
9
4
8
3
6
13
7
3
3
3
6
27118811
13
4
9
7225705
7260217
12
11
7
1156707
4
213212063
11
7
31039275
8
14
8
10610936
9315267
22773705
6
5
21908487
5
11
8
6
5
3
5
7
9
9
12
8
9
7221166
47938202
4
8
13
13
12
12
7
6
6
5
9
7
7
4
51159055
10
4
7
3
7
5218419
6
7
4
5
7261494
3
16
9
3
4
3
160854417
8
5
40684045
755
9
14
3
5
3
4
3
12
19809376
3
6
5
5
7
4
10
45373
3
11
9
9
15880
11
9
189645
79273
11
8
1451
6
4
59168
5
6
11
3
9
4
13
8
7211512
6
6
3
7
4
7
10
13
43237829
5
7
44966945
4
7
8
48948559
19
27137435
13
3
7
6
6
10689122
13
3
9208731
5
10
29506340
10
5
3
3
9
21953006
41855436
1704
6
5
7
18023426
5
4
5
4
3
6
3
16
9
3
3
5
7
11
5
4
5
6574
5
5
4
4
5
31216206
4
6
3
5
7
11788954
17855
11217968
4
43074
67865080
9
11
6
3600597
4
3
47942936
8
7
15
19039
19
7
7
10
5
31207738
43433748
4
3
49624190
9
11
13
6
11
5
4
3
9
9
19881045
21136
7216613
6
12
3
7
41858446
12
5
31204158
7242133
4
19876036
3
8
11
12
26270065
14
8
10
55743729
11
11
38653928
7
9
11
4
8
3
6
18899883
13
49122868
6
49138534
7
5
3
9
5
4
7
8
5
5
5
7
11
13
4
4
9
3
8
11
11
10
7
7
5
30898625
3
12
8
5
14
425
35161410
3845483
3
4
12
7
9
4
8
3
7755196
5
49149642
3
181997
8
7
6
10803141
9
9
3
8
8
5
3
9
9848336
3
18599574
7
7
38666297
3
4
6
