483
1
6
1
1
49618048
1
2
8814
4
1
1
10
1
1
1
679
4
1
68
13
15
1
4
53986249
1
6
20000
8265992
13
835
6
4
1
103069630
4
2
37489245
7
5
685
6
7
46835857
4
49619918
21
1
1
135
1
1
2
11348236
2
1
3
10
5
49617357
8
2
1016
2
5
1016
4
1
1
1
1
2
8
6643
7
49627208
10918
5
702
12
20373018
10918
12
83379
5
44
2
11339422
3
769
11579767
5
850
122224093
56751536
3
6
3
2980
1
5
42
2
3
25083
9
10
14
2
11803601
7
4
2718
44
1
64850
22
10
5738
27
11
5
2
12
1610390
5
2718
2
4
16
49630042
1
31476
3
5
7926
1
1
49642782
2
5
6667
8
108188672
59174
10627531
101136202
49501718
64840
4
2
5
23054
1
1
2236
2
49617986
5
37260371
4
7922
2
750
1
308
14
9
3
40
148
3
32107
3
12
4
35
12
6
11
68816524
1
1397280
5
92915638
4
4
3
53986249
8
4
3
685
40168483
3
5
18070013
3
4
13
3
491586
7
3
2
25366
7926
4
184
17
8083078
4
1
10
1
7
49612891
199
2
7936989
12
40904894
38007
1
5
11213789
483091
9
7
8
6
19
16
1
2
5
57939
5
2719
28345
11
4
5
1
1
13
5
49616694
301
1
7954
15
1
8
7008849
851
5
42
1
6031
44561
49709980
3
11
7
10778459
38
16
11
49641933
49617368
4809
1
9
7937013
11
49642721
1
7
13
2
1
6
49617987
11
2
4
9
4
5
8
3453
21721724
18
34828217
17965
2718
132874
2
1
97
1
1
39560384
15
6
51
41434
9
5
11171783
4
3
5
1
1
5
11818155
106909
1
2
6
4
12
1
49622384
2
49617986
37143320
7012124
19
8101402
16
5
1
2375
41403
6
1
3
2
2241
5
49618048
5
2718
26426
11
1
1
1
71708633
40737816
18026826
2
1
1
4
1
2
5
4
3
4
2
770
16004
227046
11
5
3
7
1
17136
2
1
7
3
7
60
4
45995862
12
41
5
3
5
2
38275190
7201
5
5
5
18
11378432
16
9
1
1346
49605915
1
625170
40491389
49617986
1
5
4
22883
1359
1
1
4
1
1
30166
62849
5
6117
1
40168497
7953
148
5
40491368
143256941
13
10516
7
18
26990
2
49618016
3
155089664
2718
52211
16835
15
3
1
29249
10
2
6102
3
1
4
57008
1
17
11315543
4
4758
4
28346
25
5
49115245
18
5
9
18066374
18041799
1
1
5
4
5
38617
19
5
1
1
14
3
20
1
11
7
49611588
6
11818155
1
1017280
100037787
15654
1
20217
3225
1779
44101608
4148
5
35520
1
17
2
2
36
683
7954
49593308
2
22358
5
1756
11
2
49618048
72220010
1
4
164
828
15
12
38288
3
935
10
3
49614250
49616898
15
33172
227138
49624014
4
2
10
2
11
43
753
2
685
49701735
12
22475
3389
2
1
20
1
49608679
49629431
3
5
7
1
11163964
7799
689
4
11342141
5
2
9
14991
35514
1
342
1
182593
49611593
5
2
49618048
38735413
5
4
5
11197041
5282
6875
25
3225
3
28
30
2247
19
1
8374
32283
30744531
5
72884262
1
1
7940
74881
124035492
1
49148510
29
1
4796
7
4
2573142
7964
827
5
6031
6
10918
13
34
24688
8
5
49617362
7799
2985
2
1
4
5
3
1779
61
8
1016522
2
7
14
2
9
6171
5
13
17832
2
49630694
2
4809
1
10
17
1
685
1
685
18147
3
463
1
96614776
17
19
2241
24
20
5
765
4
1978028
2891
2
4
56729651
9015
1
15507660
42688
1
2
1
2
18012680
2718
685
4
1
18
13
244
37259699
6643
13
6
5
2
7848428
1
2
4578531
7945
56914
180
29145
49610851
5
509
13
685
1
1
15
1
5
13
55810
6
2
10
13
2
15
7793247
69862
7
133529885
4
1
52127271
4
1
5
4
3
20
22
2
5
1
1
2
35
2
7942
1
3
1
2039
13
55
10
3
14
3
5
10174
106825
739
1
5
4
85
38710004
2
276
2718
5
1709514
71708635
2
60011
42699
1
1
1
14
12
2
44337
4
5
1
40737816
3
4
16
9
11818155
685
8
22
7
21483
11
4
6
6117
18855
274
3
6656
11
1
31172
9
49642330
2
40172179
1
3
4806
16
3
6
11475
2
5
5
5
99
1
3
11
20853
15330
49614159
22379
49617986
3722614
86338928
2
2
11
49618048
25
9
9411
5
1
56784
1
9
2
2
15
16
32202
3
49616898
3
4
2805
1
34695
416
8
5
17
20782028
3
15
18012656
3
2
77360995
1
2
4589307
4
5
1
56640
4
2
1
26426
10
3
5925
18
5
37009
47988
5
14
1642
7011783
5
4
11
11
62845
3
1
7914
25
210
91952374
6
3
1
19
1
3
5
3
63772036
81294
2
2
7810
3389
15
4919
6
1
389
1
2
170215357
1
49608692
7008849
5
15801
1
5
24
422
1
2
4
11
1
1
1
1
4
2241
4
49610852
5
1327610
2
2
31
4
3388
18
4
3
14231
1
50
4
5
3
27609961
6
1
1
5
125165928
35467
57379
14
9
1
11538
11367551
5
18060815
25
1
2
1
55459
1
428468
435
1
3
1
5
14
5
38710005
5
7
34587318
2259
1
14
2962
1
15
5
2
249
2244
27
1389
7937010
2
1
25937
7936988
4
2
2
84299
425
14
17
1
18004527
2718
2
4
679
4131055
3
1028
525140
18024210
2
21
685
1017
1
2891
5
2
10
625150
7952
214
1
45231
3
11471538
26429
32202
5
4
284
4
1
55
16815
24
3
1
21
18038852
1
1
16
25
27116
6
32734
2159894
8
18026859
5
7934
1
57767696
1
32673
33
4809
3
1
1
3453
5
55216662
6646
1
5
6
8
3
18
3
5439
1
3
10
34715088
438
2
11794053
7748
56754467
1
6
6
20
7
7957
2718
49710156
53986251
1
1
56469495
21
1
49642998
190057739
1
3
7937019
1
2
5
21637180
12
23
6
96452
1
4
5
182580
238
10228
15
1
16
49605915
13559
1
459
5
1
4859
850
625170
34715829
5
2
2
41864
10641
6
5
7943
5
49609354
2
1
27
2
16
3
1
11
1
5
4766
7201
53986251
3
43960633
13
76905
12
9020
1
2
6466
38767641
6
1
3
90103352
9
2
238
23
4
2
49708963
263
16
2
33
5
18255
5
8
5
5
11
38275228
4058
49613131
1
7924
25083
36383
2
11164072
1
1011
7954
7914
1
430
34278
14
2
8
7
133629379
579938
134916729
1
4
6
5077
38339359
10627531
5
4
2718
1
4
8
3
1
1
6
11818155
1
4
1
1
4
512
3
6
1
2718
12
44576
18479384
21
2
4
685
5
2718
4
11193
7937003
12307
7
3036
22034
5
10509120
6
3
7894982
5
1
5
7816728
40228122
2
3380
20560780
17
40168468
7925
134912185
40172210
5074
133667986
3393
7
11176486
1
22
17
10
20
4
90482099
8
1
9
7886402
1
4
2
2
8
30158
1
4
11339082
28453
9
101153791
625169
11141085
2
1
1
49612617
4
1
25
3
4
5
1
5
1
21
5
9
1
56179
4
2165334
14
4
23385
4
468
3058
53
2
267
71708631
14
1
10
7799
3
91
38710007
38007
25233
23
49611800
9
18041801
7
31
5
1
29575800
1
1
16
5
11
11344792
27
3
685
57314
3
2037
12
11
1
854
1
9
3
1
2
5
1
1
52
214
14796857
3
10
1
8
147
6643
217325884
2406808
11180311
64810
5
2
5
3225
15
1
2
52127258
12
185
7
1
25
5
5
7
6
182580
11309
101100579
2
414
11
190005630
38812999
4
2
5
1
2
29145
7799
5
5
9
1
5
3955173
1
34394440
1
5
1
5
10
10
1
1357
1
1
2
62840
2983
1
271
4
141805588
1
1
13
2
16
1
1
14
5
3
8083668
94683
5
36995
63261
7
4
18004525
4
1
428
3819470
40168476
13034
49613140
5
44
7
425
8
5
49616885
54848
2
22
2
7802
7945
4
1
116408849
195363225
18012652
6
8239675
18966
1
7488
10538
122368823
1
1
2
5
6
64090613
14
1
4
2
9
9
7768688
12045
4
20
5
1
2
3
1
4
1
1
1
1
1
1383
5
4
4477
250
603
14
1
5
3
1
1
58013955
1
52127270
5
37259703
1
684
1
49618048
4
2
4
18066350
5
2
18031160
1
101149056
2039
2039
1
31971
40737816
2
71041827
22
10490
58500794
10
33174
49620736
1
2
28
1
4644
5
3
7
1
4
2718
1016
72
14
49610852
5
23
21335
5
2891
11803609
18146
5
2885
10
1
2
2
18
2718
431
4
1
4
7917
13
17
2
25
2718
6643
5
5
5
490915
1
138927556
1
38166921
1
1
1
5
21778198
4
15
6
49115235
12
31
3
1
2160234
36
2
5
685
2
5
5
5
79
5
7922
3355
1
2329
10
6
6
8
38735421
2
5
5
8537
4
49627160
54284155
2
1
3383
7917
1
49616898
4
1
138067710
4
2
12
1
1
49612891
7809
105149
1
34626
2
1
6
3
12
4
2
96614775
739
2
1
1
40798
70237
8109
1001
69117037
93469544
2
4
2
5
20
7953
1
1
17
1
1
1
2
3
3
7124303
49115241
5
2
18316
49614311
1
21815047
5
685
2
10810656
38767608
34708638
45
1
5
40953766
10
2719
2719
49605915
49578453
1
133670737
5
106715
5
5
1
182576
25688898
2
1
1
1
19
4
11
1
685
7721805
6
14
2718
685
4
15
7920
18073120
3386
2
38275551
5
20
3
7
4
1748034
17425
1
27119
7
40198
8
5
2
18073573
3
30
15
36620
38299992
120
21
1
2
38710014
5
4
4
19305
4809
1
4
1
2
7936990
12
6644
2
49578456
3
16
23
10
7
4
18
20348
1
4
5
7937003
6635
1227002
8314594
3
1
3098
6116
5
1
56775
72884231
6666587
90487875
405
5
49644763
21
20751
6
6
18147
1
38735421
1
1
5
21
1
4
96614748
58965918
3
3
4809
8306056
60518283
685
2719
18077178
10564
10
685
4
1
1
65852260
2
6
7809
4
3
9
49614250
13
1
1
2
1
1
5
20
4
1
49613571
7
5
1
4859
8
21
1
288
3
12
1
3
75771857
49642781
53986958
3
2040
25
12
53986251
683
2718
4809
1
38767622
11340102
306
8079
2
11172451
3
2573142
2718
1
2
6839
10672
1
48453
1
18041802
2
1
24578
11170948
9
3
6875
1
7799
685
2719
29
3
45
23
33234
1
13545
1
509
739
5
7
5
2718
1
11
5
7954
16
42
2
16937
2
2991
5
685
1
25933
11306534
1
1
3
21
6
5
53549
2
3391
2
40
1
5
1
23916891
5
2718
49617987
38285
2
72881563
39
6
11803604
5
1
7048
1
1
7930
1001
7945
2139
5
1
10170676
42
2
11173230
105155
75
7919
29242
35024
16
6
420
1
2
19
3
5
3
328683
2
38767630
5
8
10
105217
2
2
13
1
8
96614764
45
1006909
31061
8
4
18041822
4
1
8
156
2
9
739
8
1
38266004
1
6643
46769
14
1
8730
11
7
1
1
7754555
83330604
285893
1
54
1
5
15790370
5
1
23
100037747
19
2
5
2894
49624143
11793561
41308
14
4
1
1
1
11305
10336
1
2
2
2
422
3
8
5
1
5
5
2
2379
409
10853657
21
5
31172
1
5
2
4
4
34174
27
29580911
2
1
4785
1
5
21
425
1
1
28503
1
69
8
1
27675400
5
685
4859
5
11
65339557
1
1
2705
4
19
1566
49642719
8
4
1
184657
9
1
134
4
4
18
1353
57943
51592
20000
18024346
31
2
2
39
4
679
3
7806
2
8
40401
7
41887306
6
7799
4
72884256
278
1
30330829
5
5
1
5
1
233296
5
1
8
5
2
8
2
6643
7
4
3
1
418
7910
2040
9
2
5
1
5
12
6643
1
16
5
2
38292
21
1
1
4
11339422
25206164
38278890
1
19
13
1
5
11338063
8
49618048
10784583
1
1
17
18
3
17985
2718
5
28
2718
6
2032
1
32
3
50
1
5
3
11
124035489
6
5
1
739
2862137
49618048
1
5
1
14841697
6038278
23070
1
1
2718
1
1
6
1
4
5
8
5
42
3
3
1997
3
3
1
29
2
1
1
1
8
855
20
15
3302
3
22
359
1
28473
20816793
63754532
1
11
38
3085
1
3
2
5
18
5
40737816
34616963
2
3
32
5
23413
125
35514
6
5
7934
25083
5
356
2
1
8
54
7764
1
7929
14
2
5
2
1
49614250
49612551
715
49115241
10
11
8
11
1
41
6
9425
2
10612145
2
5
182580
78
5
54596
2
49070806
1
40737816
52
11
1
5
1
3
5
334002
11337043
89891473
5
16
4809
11818155
1
2718
2
3
8259
5
45438
56713591
49642778
82204
1
42713
1
8
11818158
2718
11
3
11
45438
1
192
9
1
4
10918
17
1
4790
1
1
2
5
18
3
11
1
5607881
2
1
8880
27086
1
3
22
4075
2
1
6
2718
7
1
1
16
3455
190145030
1
5
1
4
3358
3
3382
12
5
2
860
6643
1
6
16
49642729
5
4
680
5
21358
625182
9
50
1
32115046
1
1
3
1
6
2
1357
259
14
31172
3
10
11340098
685
7789
2
27351
5
4
49611256
2
1
3
6509
11
3
1
54
40491362
1
1
1
342
619
149077840
2
11330878
6
5
3
3058
5
1
1
2
2985
22
1
5
2
3379
8310564
2
142959
3
2
11
21
5
38339365
37237062
16
6
1474119
685
72881543
1
92915608
33621074
2
5
5
1
2
1
851
2719
49621973
2
159811
31
5
7937017
14
1017
2
21
1
190065287
2
15
7789
6
1
6
131
190069067
18
675
2718
7
12
27463
2
18034788
105450
28
27415
5
38298
18147
9
18
1
1
9
5
50
1
6
1
2
855
2
29145
2
5
5
1
1
5
1
18
4
9
685
2922774
3
5
2
19239531
463
4809
7914
1
3007
57334
2
21
2728
10
4
45852502
11822680
49955
7223602
58
14
2718
4
3
7801
4
40334
3
1
5
33642158
2
1
92179
10
38735434
9015
1
8
3
342
6
3
49622788
23393
685
1
1373
2
38721531
7799
685
5
1
1
2
1
17
3
3
3
7935
2024
1
10918
1
5
7
33003
190
17
5
101310
11
15865
2208
1
685
2034
7925
2891
22
21325
2
7804
495
1
11
39596822
72881543
5
5
56955628
8266077
2
2379
1
2
49621973
57335
101143715
7
5
6
8
2
1
1
1
2718
6660
4
43
1
14990
23
1
1
1
38767626
1
18
49642778
15
5
34582199
10
10918
2
412
1
28477
7
3
2
3
2
10
2
122445012
4
1
101157401
3
24
6643
4
3
12
1
1
1
10
5
5
342
1
53986251
5
1
52127275
7799
1
7
5
18
2
2257
1
5
143209877
10
38264919
1
16
2719
22
11818155
4762
5
7
5
1
5
67076108
4
2
15
1
49620737
2
11751270
5
445
40172178
7
178
1
4785
35780632
1
27
1
2
1
685
96821757
2
1
4
5
16
24551393
5
1038
10
7944
19
5
3
1
1
108322
11
5
2
3738
10918
11
16
34713740
22357
10648
8
38821805
855
10890239
3
535967
2
1
42688
1779
9
2
32070
4
5
3
2
21
7801
1
1
2
7
5
11
4
7
1
346
2
4231
1
6
2
101131215
28200
6
267
3384
2
18066350
8
8
46
298
16
32074664
8083098
18140
41178887
8
14
10
5
5770261
18
9722
49630703
6
5
3
6469
18073120
3
2
56251
3
2
679
1
1
2
7931
12
739
216
32924903
11
3
35
6
1
2
1
4935
4
29145
5
9
49605913
5
1
3
18
5
109
3071
5
49642047
10568644
11818152
4
33
12
1
2109
56762337
1
4050
1303
2
7
3
1
5
40737816
59154
8
7
1
11
2
6643
1782
1
20
2
7008849
38709996
2
56943
4
26682799
18
23
7
5
3
4
2
5
1
152
3
1
49612951
2
2
5
49605915
1
11801335
16
5
1
113437
1
2
9
1
8
11340102
49625103
12
5
772
2
1
5
3
1779
2
1
101124023
3
1
1
3
4
12
11803604
3
5106
49612897
2
11806022
2
5
4
2
6643
6039621
9
38320
22
850
49616291
1
5
2
26101
3
37169519
53
7946
5
52212
1
7
2
115510
5998
6
5
1
33003
105233
342
1
5
26692795
2
4
22
1
25329
685
2
11
1
6130
4
1
58
26
7
65689
7955
6
12400
341
8
49614250
26
240
1
1779
1
2
7950
54
11
28334
11
685
2
685
3
1
2
45537684
1
17
3
49616898
166
1
1
1
11
4
4
29
8
37
26
18041843
2379
6
115725336
1
11
1
25
35512
12096
4
4841
3
19
49609797
29145
2718
9558
60
916
4
16
4
38275077
1
1
1
125172686
1
164
342
5
2
3845
2719
4
6
133622822
49587618
9
7926
45152
5
1
3
7008849
26
11803658
1
1
3
5
5
10
2
4
1
1
9
49642719
1
7
1
31
5
685
7
7
12
4231
424
985
5
6
1
1
8
20
2
35518
8
7914
11
23
5
1
5
1
56405
16
18
78280
11295172
2990
1
3
56706002
49609098
1609
5
1
1
29145
2718
1021
7752074
148
4
4762
1360
402
1
4
6
12
17638501
2
5
9
87676
6
49618049
49584902
1
19
2985
19
4
2
13
4
1
44167
2
11303456
3
182404
15
6643
425
4
4
10641
5
1684
5
2962
11339422
4
1
3
6
738
13768
11
34832644
3
6634
18004560
54
7
36127
6
5
60
23889370
72881529
2
5
49645143
1
7303
38264649
5
5
49606592
15
19
8101396
9
8
3390
860
28809
15
8
9
3
4
255
5
5
43
126939300
18076679
684
170
5
54664135
23
34
95375
1
1
3
226
10
4
1
139
3
5
5
2718
375
5
5
249
304
732
11
1
1
3
2
93286
1
7
27673149
49608677
49578123
1
3619426
2251
49618048
2719
4
65711
685
37983
85
683
7926
49614250
161
30495
2
42
20
1
2
206
2981
7958
1
7
15
6296
70
4
1
16
34
5
850
14
11549
38735421
291
1
2
3105
1
2
49626364
647
1
7
18
5
1121031
38710005
18033778
190065296
56634
51449
1
1779
49615859
2
2
4
2
2701
107465
3379
5
1
7799
51
5
2
11569
18147
34582210
1
2
10
93467931
1
56837115
49115231
8
1
5
2
63959357
5
2718
4
5
3
37256974
7
7915
71632
29249
14
18012673
19
118
25
1
5
3
29249
1
4
3
2
1
3007
10867708
5
10
4
1
56490095
1677
11
1
7782
17
49642708
1
49626863
12115037
13
13
685
108272315
15
10
78
20
1
18041837
5
978442
56945
625181
30
166
2
6038261
7937015
5
1
685
2
1
5
1
6
157006
55645
10175
9
1
1
5
35068
11
381
1
8
1
32151514
8292
5
30177
1
38443141
1
5
680
2547
5
299
294
2
12
4
5
4
5
18077178
2
1
12749885
3
2
49616291
2
1
14
10
14
49605924
5
34582199
18
3
3
11
31
685
1
105497
5
2
1522
6
12
8
1
2
12
1
133521540
4
6
15
684
22
1
1
7924
20
16
1
10867692
37132390
635
49614523
2
22
3093
2
3
204
193
1
13
3
685
6
5
78797
5
2
261
751
56477355
28
63062915
3
69951096
5
14
53986247
5
10
2
29
7747047
40168484
8690632
34409
22
9
5
1
5
1
2718
5
3
6656
6
12357241
14272
7900112
1
16
7
7
49626525
1442
1
9
122546807
5
8
2
3
678
5
12
2019
36
5
1
7
49616690
3579
7008849
101131215
8
11
9
5
2
38264649
1
10867701
27763773
18012663
18033698
2
2
5
328683
12
5
16
685
366
1
1
5
5
2
5
1223
11342134
13
12402
93
40168526
2035
2
7620
49618048
24
10818493
49642719
2
5
5
4
28134
4
238
5
2
4
3
8
7936989
2972
5
8083652
12809
34582210
52285
11193
7917
2
49608688
4
10635
6
110
28
65680351
5
1
9
1099497
2972
40846727
145
28
4
49613140
6
3
23
1
6457
2889
3
55548
1
49642719
1
34582199
30881852
1
2
14126
352
1
25
1
7823199
9
232
4
1
1
33
26
5
1776
29720
17
40168476
8
55950936
6031
2
5
8328542
1
2985
9
18073122
18042665
4
40172211
1
2
10755963
7
8
8
115
2
26
2944
16
43068729
49616689
16
2
3
1
1
5
33
49617987
50135
1
1
17
3
40340
22030
11991
5
5
6
10918
2
1
12
1
9
5
775
94473337
5
68133011
49617986
6671
1
1
8487
11300691
2
2
9
2241
70517
35512
49614250
8
4338
3
38369371
64349579
12
18076671
1
4
15
2251
1
12
359
5
2985
49622472
14
5
10
625170
8
30
7799
1
1
16
5
1
2
26184
7
5
28
5
124923380
3007
1969
860
7077468
4
18058690
18147
4
1
4
1
5
2891
6
22954051
7
18992
1
48667816
40168476
153
56490112
12264
2
1
5
2
17090
5
5
284
40491366
46
277
184
84
8814
35505
31172
3
6
5
10918
5
427
14
4
4
5
2
6
5
542
3
22769044
18034876
5
5
14
7937014
29575824
4
4
11756
8310241
49614159
1
398
5
49578456
2
1
49629432
10613803
5
2
15
2042
12
1
4
45
5
1
11
8724
8310548
1346
8096945
7927
2719
5
7
184
436
12275
543133
4
2
4
6
49613140
5
33104
651
1
3
2
14
6
2
5
678
1
148978
598
12
5
5
1
45771340
5862
2
9033
17
2
18
1
49642772
1
1
4
2718
3
2990
8310562
5
92
2718
1
1
1013
31185
15
3
22
5
1
11532
6558
5
6
27673133
3
64380
3
4
5
2
14
17
42
68413310
4
5
27
6
11171793
1
10
2
29145
1
10
2718
11194
5
5
16333
10
11
21
16471
42084638
4
1
685
1
1
49605914
2
2990
1
5
1
1
300
2
2
4
1
1
37259699
12
7799
10
5
5
4
1
7
21
8
1
1351
1258
1268
14
93264
190065296
3
2718
8
49614159
8083667
56490104
529
1
30164
6
2
3052
295
1583
5
3
15
4
1
12355704
2
96614735
5
2
1
1
6
138
2
5
105450
2
7008848
3
2
35514
11
5
2
22365
3
10144463
14
2
10
37261728
2
2
7
5
56626
15
11
5
166
2
12
29249
74
30289
18085201
2
1
4
1
6
1
60679143
49585242
11334669
5
9
1
3
5
2039
5
9007040
40737816
7
11
5
3
4
4
9
4
40168497
855
5
11
99
1
1
2
4
2
5
28503
29356210
5
36126
1
45683
13
12
7
15324
9
6
739
8083666
23
49606255
2
2718
2094
5
46040
32
7799
742
7
11337720
8
40168478
1
4
11
5
5
11
1
2
49642719
1
4
447
18
855
4
10
19
1
5
1
1
32
1
425
5
5
1
2
6674
11818143
38286
6
2
2
18
12
6
5
4
23466206
1
22758
51192991
11221829
1
1
5
17089
19772400
9
16
5
2
2
5
5
3
2
2
6
4806
16728798
2
3
5
2961
5
6
16
14
4
5
8
49608688
2967
1695
2
18073130
1
5
5
19
2718
685
1
49609838
43760640
1
12168
227133
11
1
8265841
49624012
190128575
27462
2719
25
4
1
1
4
7933
6
2
2
11046
40168476
3
190065273
52128234
429
13
1014
1
450
5
28172
2
3007
8
1
685
28
668
5
2983
45790869
471
2
16
373053
4
18110
57063
55236
1
3
1
1
18
5
2
4
2
27597604
3
1
188
6
11363089
11340102
49607607
1
405
4
5
11351979
2
1611
1
2
6
1
1
7
1
12
7910283
12451
2
1
7
49610852
6
739
2
1
7201
4
8410
5
3
5
1
56599
18
7936989
7926
18
93707149
4
5
2
1
5
24
45
520
4
2
7
11
2718
5
18
133682955
1347
2
3
2
5
4
1
9039
24
1
56204
89117921
2
18076670
2
8
4
12357241
2
16
2718
5
13
40198
750
1
3
1
5
6298
38275436
36
38767640
1
7
1
12402
5
26630500
1708
2
6
5
6646
17508
2
29
30557390
5
10
1
14
1
2718
18
5
11
10
5
38710003
6
23530
17
2
1
5
5
3
5
10777064
5309960
1
27
12
7952
49708972
5
57114
24
33003
8283978
18090
2
11
18076683
9
1
2663802
38767625
5
49591357
38357009
4
9
233296
11272
1
2
133682955
5
5
49201396
1
16
49616667
6
41
11818155
852581
1
1
1
17
680
2
6641
8
17481
21
9
1
1
5
4
5
7943
62499779
5
182581
5
2
2718
799379
2379
3
313
3010
10
1
3
57233
684
1
5
40737816
580
3039
49642781
62584166
14
13
22
2
3554267
6678
2
2
2
2
7926
40168480
1
5
1
1
141357471
49609590
9
1428056
2514
10766
5
7936989
2
27
10
18066354
10
2
7768688
1
1652
18
26
1
5
1
1906
40168483
1
10
1989
32352
1
2
3554260
3
8001828
8
1
4859
45370010
3
40491362
4
3
1
5
6
5
2
5
38
21
17
76776
14
3
739
2
49609779
3
1
7
10867693
1
12
6
1
1
1
3358
84
4
10326
233296
7
10887
5
1
27449
20561118
5
23
17023
1
28334
45612
36411
9840
63261
1
5
1024
5
9
6031
1
29145
101146074
4814
40491362
14044
7936990
2
32535
5
2
12581056
7944960
341
1
5
9
4349
5
10023
6
4
10
49617987
5
2
4800
10
1
160716215
29295
11
685
1
2
10
117121
99609
49644749
6
1
96452
652753
15
1
4
50248
33
398
1
5
1
16
134912212
6
684
1
5
12
8
4
5
342
3
11367567
40168526
8814
5
27267550
3717
5
33
1
2
798
7816765
8670
20
16938
2
34621
1
3389
5
2
9
5
12013
2
12
8
2
1
6
2
49642723
29595
1
2
3379
2
44149
49616898
3
5
2
855
1
5
27444
5
63047
74127539
49115234
28
5
1992
3
5
1
104650
6
6
4
4
1
13
2
5
5
11130167
2040
5
7936990
2
4
435
3328
14
141831466
18
11340102
16
11
1
1
5
2
49644749
16
4
1
4
12
1762
710
1
12
5
2719
20
11
16
18076729
2
7
1357
2
9
5
7
4112
5
7
1
1
18
5
7937005
6117
1016
5
4
1
65
21
4
7924
4
21
10478
2983
133583047
956
8289
1019
3
4
3
5
12
6
38379168
5
180
5
1
2257
4
60512865
1
5
1
1
1
1
17
2
6
17986
1
15930
1
1
3
38275233
5
49614311
95
2
49617362
90366430
41839072
83312333
32931997
93469226
2974
16
1
9
68
1
49615641
15
1
5
173
428
12006
1
90499228
5
4
134916749
4
12
32495184
1
2
5
3417
16
64202
7935145
5361
3376
1
1
2
7931
17872
20
7894739
850
7929
3
428
5
1
5
252
34832647
6
4
11
11
1
2719
2
4757
29249
5
2
55788949
5
1
26564570
2244
18041870
16613
1
5
2718
2
3380
49642787
4
25
772
4
34415
72879489
2
49629835
2
61828
4
1
5
18
11803604
71708628
8265746
32
40555807
113
1
2
18
1
1
2
1
4
23
446
221
4785
11
3
1211
56180
832
2
9
41328
104652624
9
327
1
6
408
49612567
11
2983
1397280
2405449
315
25
49642775
29128593
5
61
4
9
3
6645
1
1
7
5
5
16
2
18070022
313
59
1
2
1
4
1
7
11339422
18067245
15003
43641308
685
14
3
4
7
5
5
4
2
6670
1
2982
2
6
18
11
6690
3
49115234
3800
2
1
35519
4
8310558
827
3
1
4859
72847757
40168476
8083508
5
1
4
1
10690787
4
16
30492
8
3
28
3
17905
18
6
5
2
69852
4926
130
11348225
1
4
8083305
4
36
1
2
1
9
3865
5
43646
2
1
2
7963
258
49606259
2719
1
17666
15882749
425
10
2
4809
45530547
2
4
1
4
26
179
4
16
4
34616963
24707
3
5
11
1
2
1
5
6
1
3
36716
29
5567
22
1227
71628
2
2
11
1
5
1
4
138066595
1
5
1
1
2029
2039
2
2
2
1
853
10916
2718
16
190053081
20
2
5
1
7
163910
8
49708795
1
5
6
3399
29472
9
6672
679
2
6
2718
30
1
8
5
4
15
9
6643
4131055
2828
19
1
49708963
1
19
2
7
2718
1
12901
685
2
11793340
2
11295197
295
1257
15
12
17
1
130
1
1
37256974
6
11539
13617
4
11803597
5
18731395
17538
5
7717368
18
52213
20
1
58965758
686
1
5
142
4859
233296
1
6
18
65687
4
2
38735429
29
1
4094526
5
20
82731081
11
1
1
4
101145605
1
49616898
1
17
1
796
2
49577437
49596354
1
49618048
6
1
2
71058880
14
8
2
7
52120
10
10045
49615670
102
13
3018
3328
6643
5
101360759
7951
6
498
13
72652518
5
166
44
739
8296
183
16
8
3
4859
341
36735
8
32479080
8324178
6643
3
8
625199
18072155
34
2718
12045
5
1
6875
1
23
23643457
132
1
3
7
48405
15610
11369238
2
16
40168476
18
4
10
46
1300
1
1294
8692
18
5
30
7
2
4337
11822680
1
9
20
6647
6
1
2
3
53
3
3037
21
105159
223224877
3
11336709
5
7
16600
4
6
5
5
7128
2
2985
6
49621036
2718
855
2
48890
8068
49614991
739
13485
1
49615670
8
10179
1303851
49621029
2
596
21
53873644
5
155928103
6
5
29
2
8323056
233296
17
1
32
11155572
11132884
1779
3
4
1360
1
9
1
9
5
5
5
2
5
13
1
2
399007
1
11193
679
1357
373
11818160
1
3
5
5
5
535
28
2
1
6
5
1
715
2
2
10
5
7
49709741
1
17
183024
2
11818155
1
8105729
166
5
5
5
19
18
9
4
17
174
49115234
7
20
16
7937012
59154
6
17908
2
60
3930447
4
18
223
286
1784
349
30
5
2
4
15
5
49618048
46244
5
1
2157011
5
19
5
7
1
14
2
5
22173
5
1
1
5
5
685
11
2974
139
3
684
12
33003
5
32479082
43450
3
8
1
1
1
2
6
15
7936989
49618048
5
3
65702
49642793
5
2
3
4
3
7919
340
18300
3394
17
10867698
4
5
5
2
49644749
5
21
1
2
2
111691
300705
2
26842504
1
4
1
10
2
15
5
7915
26
37
17
4
846
2
685
5
2718
15
4
22
57785
1
1
101040
4
5
49614250
106997275
4
5
77838
2
2
8
21
9
1
5
3
1
5
685
5
2
64745
24
10
5
5
5
1
49332141
5
4
1
2
49579483
1
1
39
58939
674
1
5
15
2
7
1
6
16
2
11054
3015
2719
7936
9787593
5
1
49577437
5
11801824
2
16
7314
10
5
49594321
1
11
1877
4790
2
10516
49618048
1020
2
9
4
49618006
5
1
2718
101
1
8
2
25032
5
13280
1
1
2
7
1
2718
4
2
83327440
1
1
49642728
5
5
49614984
13747
18
51803
3
8265776
6
38735453
3058
8433
37639
295394
4
5
18
26
7920
6
11801840
5
2
1
1
2249
9631
49621775
7
1
3
3383
3
4859
16
6
9
1
4
18
2162446
13
11181406
3
8
1
2
715
15507386
8
2
4
6
1
19
307
1
5
5
737
1
18035577
1332
6
8876
182576
1
1
2
2
17832
1
4
8
2990
18075367
28337
24510224
41422
6
2
1
13
4
1
29
2
99481020
757
10
3
10
508486
1678
16
14970
7799
5
55
686
652792
2
4
21
2
49626789
6
2
5
1
49616700
7
2
42501978
5
53986200
6883
213
4
5
2888
6553749
6
53986251
1
1
8
1
7936996
14
1
49701735
6
77934
15462
2
2705
264
18
56637
3554267
2
15
24379
16
4
226
21
1
2
1
10
263
2891
20
5
52806724
27
2
422
2
425
8
5
3377
190057792
12
7926
5
2
11822679
2
6
5
1
1
2
5
8265990
12
12
7936989
21
4
7310
1
38
7942
1
11
33668
73
1
4
9
425
1
9
2974
1
7799
3
2
5
49605912
1
5
1
3
16
101159694
685
9
1
62501405
28
685
11339422
30
3
5
4
1293
17989
9558
7516317
5
5
10
96614775
6
1
18
5
1
11886
2
19988
1
1285
18
5
49616969
2
123529
4859
2
30273418
7917
12
5
5
45
49615962
1
5
49709877
2705
6
7806637
2312
652769
2
3
2
5
63432748
2
1
838
38735421
739
28
15
49701735
1
17
4
12
1
7936989
1
1
4
2
9656
2
1
60018
53986195
7
5
13
10
12277
1
1
1
8
5
3
1
49630703
17
4
15
5
2
11333651
2
40168468
31
126
2
5
1
6
49575737
12
23
7926
141827642
11
297
1
2
7
7
8814
4
3388
1
14
7781
37820449
7
49625352
9
1357
7933
22041
5
755
1
62859
1
7
58
39285
16
1
4788
4357
21
4
1
18
49620754
49616898
49617987
4
114807914
3
1
1
7
49115234
7956
2
1
55234
1
5
19784
1
6
30289
40737816
6
12
5
30281
1756
1
7
4
1
53986251
36
2974
4
7925
1
1
21028
99
5
8
49605915
12
5
6013
4933
1
2990
2039
5
12
1
1
26
49614159
5
7941
2
685
134
1
5
12402
34
2
18
1
6643
1
7929
2718
3
21811
4
5
3380
739
1
27683170
16
9
5
49614159
5
4
11
7768688
2
49614159
7933
1
24140020
1
1
1
10
3738
17986
1
5
2
17988
39238662
9
170834
5
4
190057781
96614748
342
1
1
2
1
2
5
49614250
49608673
12749895
312388
12
2
8
5
5
49642786
463
3
2
54563781
3
756
2406808
1
1
23
5
1
3
2
685
30160
37259694
1
4
5
3
2
178
49611254
5
221
2
5
4
49642379
5
21105473
5
2
2
1
5
25
2719
8310236
49609823
1
30
2
11
1
1016
5
16
26832666
38286
2
4
6
7216134
1
7965
10923
1
11
8814
49614647
1
682
1
2718
49614311
49616691
2886
43236849
5
1
5
2
5
6654
5
2
1018
12
5
6
49613136
2
2
8786
2254
80348
17
83334550
3
11292175
2962
8097172
68658545
680
52092
49578456
4
3
4
1
9
7808
4
11803604
9
1
18076691
2420721
2
5
17
5
5679
1039
11339423
2
40168482
7795263
17
18070021
32
5
1
5
7937003
5
1
17
5
22767
3
1
2
1
2
13
11367887
4350
162
11746845
2
18043873
1
2
5
2
18076682
8
5
18313385
16
26426
18073120
3
4
5
62446872
7937000
2040
3110
28885264
38382838
49586255
4
5
1
45830920
49616678
5
5
858
2259
1
2
4
3
8101356
428
2
23
5
4
12
4
10
4
4
3
2719
6
5
457
5
36
2718
2
4
133
11044
1
4
8
23
8
49644754
2
1
5
6
58
144216438
4
1
2
49616957
71708627
3
5
44313
49709115
7924
11
1
1
227146
2982
2
5
12
8081118
1514
18076679
23
1
49578453
5
5
2
3
2
1
2
5
1
1
52464748
7
1
6
1
6
5
7
8
2
5
16
49632831
1
4
3107
49618048
1
38281328
422519
5240
6
1359
40929486
4
5
4
9
5
7
11
2
1
11
5
10778
2
2
42715
2
54340
4814
12
5
8
5
2
2039
7
10
64140
20782023
9
7113
6030
6
1
845
1
2891
2718
7768688
49580156
929
1
2
49611780
11524
2719
2
2
8
1
2
3007
1
2
13
92
11230513
5
5
7657327
31
3
2
2
2
2
5
5
16
5
6
5
5
5
5
57017
101112483
38294
182580
312392
29249
53434
14480
860
1
10
6
18
115948
18
5
24690
12
5
1
2981
233296
3394
49609348
1
5
12
18073134
9563
65
1
2
2
49618048
18086356
1
49611786
49115251
15
7
18012625
1779
2
23
49610852
1
4
2
2
125161302
32
13
12
4
4
1
2
8
49591363
1
5
49642726
5
7933
3376
11471
1759
13
8
7
8550
3
1
2
2982
2985
5
29
2
1
8
1
685
2961
5
56744207
2
14970
5
5
21028
3
2
2
2979
1
5
17986
2156
685
69
2944
6
71708625
2
3
5
33022
1
46
1
10
33102
40492730
28059
38357998
2
5
7
10
5
49613140
46457
101399872
6643
3
18086666
2039
7951
118858484
4
3
14
16
22
2
7790066
26692806
117477135
49613299
8
13
2
5
2
107523127
7
12042
1
21
3716
1
5
6668
4
2718
3
2
342
27673140
14
3
18087104
11664711
5095
31049
24
2
15
17
19
139
1
18966
49617986
5
14
739
1
3
18076676
1
11342506
2
17780
6
237
336
4
301
40168476
5
1
2718
11
14796866
2
36704496
7008848
5
5
39
7
8
1
222
2
8
10032387
15
2
38339359
3063
10
1
40168476
28
3
14977706
24
23
10
4
11
14
2
5
5
685
855
18041711
4
11
28
1
539084
5
3
5
7
17
685
347540
5
1
5
2
1
9
6
5
34582210
1
22489
54291063
5
6
2
852
2990
12
49618048
446
11
2
2
8
17
3
12
3
18287
342
17
1
456
1
6
28827
49609779
8
7
11
92
6
11
14970
5
1101
37
5
4
13
1
14
2
49646112
3
1
2
15
2891
11
1
1
2
3
5
16
49709575
1
19311
7
4
5
854
1
1
11822680
29269
1
36
13
5
2
49616898
685
13679
1348
2
2
4
31
1
17
100037755
1
533672
6
1
40172186
2
29
9241508
64861
13
8087372
6
49605915
4
3
2
41181915
1
1700
4
5
2974
3736
2
2985
163
24923
6
35
4
7
2
7008849
14
9
2
8083206
1
7
2
1
4
5
2985
8
5
1
21
5
9
20561108
49616690
100668891
681
5
14022754
2
1
11
1
849
3389
190069076
34
45614
6
14
4
1
11
14
81907
166
5
3
15
1
3392
1
8724
685
125174841
1
19
1
5
7916
49616291
1
3
19
6
6
2
30
2
15
1
2
5
19
6136
5
4
5
3
7
3376
8
1
9
4860
1
12
797
10920957
17641870
3
49618043
1
4
2
2
21
4
17
1
2
5
11169468
2
29522145
7926
32
59190
10
227043
2
2
2
3
5
39
10
15930
4
2982
10
13
8087764
5
20
1872
1
13
28
1
13
3062
5
29833026
1
29249
3
30502
4
16
93468717
5
36723
1
1
11
56490112
2
40491371
49618050
1
2719
1
186889
44646
1
18
1
3
49626870
15
18078031
24
685
49609838
7
12
5
18
11339422
7915
6
2
5
37260371
23
9
7894739
38275074
2
1
11383521
7937003
31784
4799
5
6184
31172
10019
5
1
1
20
8
8083668
13554
685
1
1
1
3
19
14308
855
5
34582199
2718
49623404
49584901
10
1
3
5
40168468
13
1
72853400
5
5
5
5
3
2718
3
1
5
12
6
5
27
27673140
19
118915857
2130
1
835
49625352
49115234
50229765
3
5
11
49459740
1
2
49644749
16320
38265579
8310536
1
5
33031308
10918
8
434
505807
1
1
4
5
1762
30
2962
2
3
1
625154
2
2
5
3
3
4
11
21
72
5
1
1
5
4809
1
1
14
11180869
10
1604
8
2
5
5
49642778
12
5
5
103281769
10
2718
2
7008849
2
2
3
1
4045
80
1
6
2
16
1
3
38735421
1
1
1
1
2
10172
7965
49605915
2
685
2
5
111338979
7050
12
1
11809794
5
5
1
2
9
230234
1
104037665
9
7937
16609
49588629
4
5
8
3
4
3
142
4
6652
14
49643303
7945
34
1
6
1
2990
1
8097064
10
5
19
1
8
38735421
2
1
2
31
9154
8
5
3
4
15
1
4
12
1
38735437
2
2946
28503
143205361
49618048
49115234
1420
5
1
4
7924
7929
5
1776
19
14
1
685
5
5
1
1
1
1
16
2
2
3379
91
1
170
478
11
4
7926
5
1
3
2
4
6
18
25
1
3
5
3
38735428
5
1
3
21
11
143
10
7
38264989
18
16
5
49612952
3
5
7924
41812198
11
13
2718
2
2
5
284
49641350
49645082
5
34715733
3
15
23981
30
1274
14358301
2
1
1
5
1
11
7921
851
87060
5
5
49
11342506
4
10
6
21
83578
12402
1
655246
19
5
4
5
18074699
40168480
12
11351979
1
5
11
4
1
5
19
101390462
5
24
15
1
42690
3
49642775
7760
1
76694
5
490
7
5
5
49608278
2
1
11
2
7
3
2
3
1
5
1
1
7806
2
16
2885
7
13
5
28
4821
18012553
4
1
1
37009
7
5
7
24
5
5
2
6
32124
5
12
1
276
1
1
1
1
5
25
1
2
11470
10918
61922
6
1307
5
3007
2
5
9
3
56444744
5
1
5
14
5
7916
2
4
10
1
12
5
40168509
9
323
4800
6
49619919
3
12402
2
5
16
37266461
29522150
2
26
855
3367
49703947
1
10
7937000
2
5
2
7936988
5
25
4
49616010
2
2
295
1
739
2
8814
1
481
2
2718
42504
5
3
4
5
2990
2
12402
40168492
518477
4
2
1
2
9
4
8265982
3
2
1
4
21
10
3007
4
12
1017
3
7928
8814
5
1
11
2
6643
30
3
3
4
3
12
2
3454517
920
9494
2
10
1
4
3
49594325
3
35514
9
4
3
1
22
1
21001
5
11221822
5
4323
25
1
2718
4
310
5
326
49612551
9
1
20
1
1
189
1
3
5
3
28894212
11339422
3
5
15930
18123
18
49618048
12
96614714
1
8
6
38767636
15
6
32908
2719
5
1
32
2
5
5
182408
1
3
89222551
6
63
7
5
14
2
3
49622719
2
2
2
2
6643
5
10
2
2
1
34
5
49608615
30067729
5
4873
5
2
33
778
2718
1
64264
7077468
49613140
49647203
2889
5
187
2
1
19420
4
36723
8
10149
11
7923
6
12
19294049
3
38275086
49612551
1
34357291
6
98
1
1
19
5
11233573
1
49203
25
2990
4
860
45502
4
5
22
9
5
2
6
62212933
1
1
4859
8083056
24
2
2
2
4
7964
5
2944
2
10
735
1
4
1
2
8
13
190139890
1
64251
2
8517077
2713
4
7
10
5
2
1
19
49614159
2
5
3389
2
135976221
1
11
3
1
49620746
10910
5
18073132
49642450
4
7
16
2
846
13
5
49577437
2
190015287
30285
2
3
7
4
1
13
27
8
4589307
1
22
2
5945
18032634
3351592
16
36126
26542
5
62501392
8985194
2
16
1
17781
10526
20
2
7799
1
5
8210
84168741
1
49612912
2
5
611
8
3
49617986
5
233296
17781
25
1
1
119607
83331459
5
1
26426
8210
18147
4
5
49614159
3
3
608
2254
2
5
6
4032
1
2
28125
42716
2
1
2857
1
727
10043
1
12
2
5
11350608
2718
83139
332
10
1
21974379
49614250
2
1
2718
22365
49577461
6
6
49615493
1
739
125159268
50
4
14
133542
12
1
7310
2
11
49586255
2
2142
3
683
60
715
2
14
2159894
7615
5
1
4
5
3
18041799
1
5
1
49608415
342
3
2
759
6
77488479
2
1
5
1
3
2039
1
1
5
5
49618049
11
1
4
2
2
1
420
24
3
1
1410
32
28
1
38264989
5
5
10
2
8265985
1
2718
653
34715435
11343145
1
8
35034
1
1
23
49629441
25
18920
5
2
2
1
8
18007842
1
8083668
3
10
4
5
2718
4
18
21
64362
2
191
4
8808
49709617
7
9082779
5
38264989
1
2
3387
53583
1
129
4
13
2
6
4
28334
5
34350
2
33367
3
298
7928
5
2
2
5
5
2990
52127283
7944
2718
48890
2
2
2
35
1
40168476
34616965
18026851
3
685
12
5
133577877
3
5
1
5
2257
680
5
2
2
11140963
1
32998
72881543
2984
6122
1
14899161
56837110
7
2
1
1645
1
2039
17
49617986
14
9
1
10
12
1
1
5
5
4
5
18074699
84708928
2888
1
49642450
5
5
125150013
9
2
1
11473
3007
2
56941236
1
2
18035341
38636
7
2
1
1
31180667
5
4758
29575798
12402
16
1
76905
10012
6
37249632
18
5
96578
3
1
35
5
19
1
40168480
5
2
28444269
50
16
1
4
10612150
832
33
3
9
2718
40168471
1
348
5676
6
5
739
5
17980
18038833
406
1
4
17276
305
1
5
18
6157
22
23
2
2
739
21353
1
7
1
3389
2
895
24
11
4
85584
22
32583
4
5
1
1
37792
7
67713455
685
1758
7
5
40491362
1
2718
6431602
2
2034
16
5
4
156
5
6201
1
6
7945
5
956
3
49642782
7805
4
1
5
49585211
3667
8265918
3
49612616
3
851
1
4
8101402
20680
5
78
24
41840454
15
850
3
4
89151
5
3
2030
23393
17
1
24
49644749
233296
1
29
1
855
11
11
1
1
49626868
16
7635
4
1
5
4
1
685
4
40168521
62501410
60682857
1
1
9
1
22
38821805
1
15
5
5
112811403
24
14
2124
79411
739
2
6867
47
94723
8
10613793
59881471
1
16
49614159
1
100977
3
22
4
2
5
20684
1
1
9
1
7
5
2
222789
1
1
2
21
3
856
18041775
1
1
16
12042
14
18074704
227
13
195
6643
12891445
7923
7937011
225
6
40
4859
32369
2
18
18
4
49642782
13
2
3373
4
3741
182576
281
2
27
17
13
49577437
1787
1
5
2972
1
11818155
2
2
5
1
3370
6
3
34715088
2
12
5
2
14
7941
5
1
5
2
1
6643
36439838
12
1
831
5
25083
2
19
1
2735
11818135
25
1
53986251
41833
1575
5
30
15
1
14
10541
6668
590931
3
3
18008
1
5
53986241
12
27462
9
20
2991
2
2
2
49644749
25431
1
37256974
1198
7657327
21
5
5
2
7915
2723
1359
5
3
2
49715121
54
1
5
40491362
4
3
190005648
1
2192
6117
81
120
18
18012660
21325
131541307
1
5
90
6
10484
14
4
591
1
190029425
2
7935
24
18300
6
19
5
14970
5
5
24
5
5
4
4
5
3
4
49621976
2
5
50
2
7
3390
9
18
4
3
49619919
2
1
7
767
1014
5
19083
17679
929
4
6643
1
22
1342
2
10035
4589307
12
2
4
1
7
1
2990
190069089
2
4
49622724
5
22
49621742
22
1
8
5
5
93714184
21
1
6643
49614159
38735419
2985
2
37820465
45506265
3
2
7
134916729
81848502
49623125
1
430
18010899
6
81358
2
2
110
5
49618048
49115241
5
12
3
2
3
8
5
9154
5
8101398
2718
1
9
851
5
1
5
2
2
15
13
2985
5
5
40
19944
4
1
4
37259701
2868
5
7936990
1016
10
4
27
2
433
17
8735556
29
1
5
21
3453
1
5
36281
5
1
40837569
1
49617999
180
22
4
4
12
6660
156
5
16503641
2
6643
1
85843830
5
1
24
6144
29
426
7940
2
1
22464
18012655
685
7937014
11
1
3
9
28
2
1
5
1
10
639
9
26
40
5
3
1
8149040
1
731
1
5
8111
18076669
2962
2
49644405
4
1479486
11
9
9
4785
4
180
5
36127
27140
49621278
8
3
49607265
38166926
1
2
5
1
25
6360
1
49115250
2116
17
1
4
2
2
6660
1
5
5
95540405
685
149318652
7508
18027363
2
22383
2
745
2
56626
5
53242161
5
20
16
5
16
2
5
7008849
36737
1
11340102
6
164
1
19
4
15118
1
11
11499079
35503
1
5
5
6571
7926
4
3
426
1
2
4
43237247
9
4
1
36
5
3
2
1
49623084
7
8
56601
5
1
8086
3380
6
1
5
9
5
5
685
11339422
1
5
41330
5
26878992
83315717
7
7799
1
2
6
60
4
18035516
5
1
5
5
5
35570870
61
1877
6
56
34
5
2891
8283980
2
5
3
37
21
39536
20
1
36
17
2
10
12
1
1
1
5
341
1
1
7936989
12
19
2
3
2
1
1
2990
1
11330878
49613574
3
17
1
18300
1
49611101
3
1868
50
679
12
6
7937019
18035967
1
49618048
1
2944
3507
7939
1
1
1
160866559
5
714
13
21448
12067087
4
1
2
8
1
18583
1
7
12045
21
5
72
4
34
30133
18034760
1
2
19
18
49619919
1
9
3
49621272
108747839
5
18073571
6
16
7
38
22379
1
2
7937019
49617364
26
2
2
1
19
14245
31820
14
19294030
7926
13
3
6643
8101381
49632152
1
646
21
2
14
91548942
3
1
42504
6635
148985
1
2
2039
2
1
8
1
12
1
25080
18065265
5
10
7926
3
3
2
1
2985
4
1
5
5
23
29
12287
20
8101396
5
45844999
4890989
685
36723
40491362
6
3
5
11
9
62880
7925
5
18
1
3016
1
12
1
7936988
5
1
55771
41403
11255
4238
49614250
4
15
49709031
11
11339421
15930
1
1
13
1
4
7
2723
1
737
3
19
4
4
2
4
739
4
5
6881
5
12
16
21527
7923
49580156
7937019
12
108558686
5
1
1
1
11
4
9
13
172
1
10
14
8
42
1
3234
1
1
2
1012
7670
5
1
2798662
12357241
1
1
13
49115232
138
34
3
4809
5
4
51
2039
2
5
2
5
35514
1
17
5
1
28620398
1
449
1
2
4
2718
60
1
15
8
3
6
11
6
56490107
2
17
22
37263398
35514
11621089
27
192
52127259
11
18324
14715
9
2982
7
474
64116
1
1
22473
37256974
1
42919
27145959
10019
7921
3001
5
1
120789
2
18012652
2
2
4
7927
1
132118788
86
1
5
5
1865
49642987
121133
5
120930048
49617996
9272
1
11173232
10867701
2
1
6
1
5
7936989
45107
20
11
2
5
1
2
5
1
5
5
49607265
9712
1
5
1
9
49616349
4
9315257
8692
78
8283964
49621629
14
5
1
5
8283487
4
63261
23
101117722
5
2
1
7757
3
1
383
2363
5
7807
3
17
49614159
1
190
49115234
5
18
5
175
25
38275086
194
5
2689
38
1
2
1
10
6643
38149137
5
4809
32390390
1
1
120484977
3
14
264
273
3752356
1
2
5
1
402388
2
5
51386183
1
7936989
17
10
4
4
589
93314381
5
1
1
5
21
3
4
5
1
2939350
1
2
13047
1
7817
89702441
16596
2
17
1350
3
676
4
4
1
59
3370
2
5
1
6
49620949
37237062
54921
105450
49626871
4
4
56938
7920
1776
3
14
8
2887
1
1
101351745
13
685
3
2
3
6
1
7933
11351979
2888
10204108
58281581
6933
2
1779
13
15
3
10
5
498
1
14
1
122495786
140
25
5
190019111
18027373
24
3
49644342
11336709
3741
49708795
1
5
2
2
6643
4785
5
685
49642779
1
2
216
29
2
11
4794
18073126
4
462
1
7937000
3
2
6
6
312
13
5
5
5
6635
38369371
3554268
11
1
49616677
342
13
1
23
22030
11
3
49618048
5
51867750
18
1
4
19
2
49670
49613138
10698480
1
1
1
15
2
10624
21330
7768688
49642044
16018169
5
5
7
21
96274693
49615674
1
21
797
684
4
2
2
1707455
14
3389
10
8310228
1
1
1
5
1020
5
1
5
685
1
8
3378
2
19298
2964
439
5
21031
4
8
4
9
2
11339422
20
10
3554249
4
1
4869
1
11
35512
1
17
125174855
9840
13
2
11
1
42517
1
27
59511
2
49580147
12
5
10
6073010
28
83331450
1
8
3
1
5
1
4
2
345
12402
18301
14
49610475
3
3
10764
8
1
2718
22358
1
1
1
2251
30515
1
416
6643
2
129926
30
1
6
7762
17
5
1
1
51107252
2
2985
17
8
4
56812
1022
15
56739417
5
563
1
2
4
5
143238966
9
1
2
685
4
8
48889
8134
54921
11
29145
2
5
3
2
4
5
19
1018
1
4
29
2
685
49115236
1
42295
1
49607257
1
3
6461
38267619
49614250
7066
190
12
5
4
49614507
5
1
1
5
5
5
1
9
1
5
1
2
5
2
2
2
4
18010888
41041875
5
5
3379
32725
10
20672
76810
7936990
7788
9
2
11801530
18041827
3567126
6529781
5
59156
93359507
1
7944
3
166
14
1
14
7936989
2
24991
2996
855
1
2
524817
1
10918
5
4367
169
43
9
821
5
1
8296
1
1
3388
24740
3
129
4
1
11532
2
35523
2
1
1
40
15006
4
2891
1
5
45452
1
2
5
49627162
1
2
2
21
23
2
2
6643
6
5
1
3
49614250
680
5
468
5
5
14
96614755
49612615
2
2
13
11
337
1
6328
18034756
15
40737816
762
5
2
1
10
3
40168526
1400
2
7
927175
16
146
10
49617986
6
11
1
2
2
2
1383
1
3
58253366
2
50004
1
5
1527
5
5
3
2
1790
15
12
37
30
25098
5
2
2
2
12881893
1160
3
1
1
2
3
2401779
11
5
1
356
1
2
2
13
2
7914
472
5
1
2
49631872
1
15
4
17905
2
8
29819
5
7
6643
49629432
10
153014
685
2
11058
5
4824
1017
5
4
4
2
31
158
49644739
2
5
233296
8489
6
7192
29
1
5
1
2718
79411
4
5
9015
17
5
5
7799
10867701
5
18147
1
3452
27
10033
4809
3164
8814
7
1
850
66298514
1
2
5
7799
2
2
5
1
6643
16
2
11221856
1
4
9
27433
890
4792
12
1
23
1
49614311
156
1
1
19937237
44062737
16
5900
16
2
2
5
49616290
6
21036
7
5
5
5
1
5
2
1
1
6
40737816
1
5
5
15
5
11
4
4
6
1
4
1
3
38275240
7
29
1
2981
7926
2
2887
7902710
71283
452
8
2
3
49620750
1
1
2
2
29145
3
2718
685
49722830
35514
2
14
4809
11
141772
9
6
339
7886381
5
3383
1017
98586
7
6
2
5
1
55244
4
6
168
7
6
49704964
2
1
2
5
33
16610
13
5
5029426
7
7924
178873861
10
39
5
180
4
1
12
1
2
5
6
2
9
1
13
685
1
8083643
529
52127275
2
4
5816
7924
2
1
1
28885264
2
7926
1
347
5
17
8705
12
5
14286
2
1
2162446
40737815
4
6
2034
18076673
5
17
49642384
133713071
5
20598808
5
5
56912
19
2
4
1
14970
1
5
1
14
10023
11339422
6090
141
2
1
5
17
49618048
2265
7
2
56168
1
5
16
28
8814
11
49708837
4
23
49642789
12
1
14927847
16
10
4
5
13
49618048
5
8488
1
49626865
1
2
3378
5
5082
1499
11367551
1
1
7925
5
12
79413
5
49708795
2
1
5
140
38735421
15
1
14231
14
58489541
8
1
28086
2891
6
2409182
3
5
1
2
3
1
32091
5
739
49605581
5
7937014
2
40168468
5
1
4
5
3
23
60850839
5
49609838
5
49626863
3
1
1
9
23384
20
36127
5
1
5
15
12264
4
4
5
1434
5
34582199
27
5
2
1
7
5
1
23
18033787
13
9506
63432746
5
190005646
49624012
5
1
101135736
12
11209008
3
50044709
7963
9
12
1
1
5
5
1
2
9
3
1
2
1
93828009
11
17
15
1
49605916
3
5
2962
4
1
44432
10641
1
70406598
11
19089
2
14728
6897
1
1
2887
154
231581
3
11
77160300
3377
685
1341
1
2
1
2
2039
4
4
2
5
5
4
3
27
68229770
13
5
1332
1
4
12
4
2
32
3393
1
12
847
1
17
6
32
2972
32283
5
190093493
73105
49619919
2718
1
8097233
11641505
7937012
3898
2
9
2990
15
5
29493449
17
9
19
5
2718
8
97
2
2
17415
1
11
2718
498
646
1
1
8
5
5
2
684
1120
7
1
2
493
2
2718
678
3
5
4
10
536
1397278
7799
6124
2
15
5
4
2961
3
989
2718
3
2
2
685
4
1
2
10
1
279
2
1760
4
49616898
1
14
625191
6643
8
9
2
6643
1
3
60608
2
18074707
1
2891
49706685
5
1
1
5
3
11337729
20
2
7926
3
19
4
8265861
63025283
39
1016
29
2
3383
1
3
2
16
96614759
1
10204114
7
2
9783354
5
32
2
49644749
5
59640
2
3
19937237
7
50230706
4
2
2
4
4
10
2983
1
82256811
1
35514
49618048
10008
1
13
27981950
6
5
17
4
7924
26
21
29493648
190
9
14
4
40168475
1
11
14
16
1
4
7923
1
18312
2973
5
1
15
20816787
27673140
1
17
12
2
5
4
82153
32534
49706815
8597
43224851
2
1
20
10
5
478
4
35
5
7
4
2
18027377
5
1
8
49608819
1
90450370
5
5
7
12356952
600
49644749
1
5
11
3
38
26
1
48399
33
25
1
1
298
1
5
1
13
18076672
5
1
5
2719
5
9
1
19
1
49623420
2
1
3
40491362
25
56742283
1
7935
1
6875
5
1
5
33
22018
1
5
140
14
875
1
12
2
233296
2718
2
5
53986251
11
1
3007
2
1
1
2406808
6643
2
44282
5
138
1
1
5
1
4
4
15
3
22369
2
126471707
8
1
1
5
49641430
5
107261
90341061
7799
208
6
685
101125357
20681
1
1198
12095
14025
1
1
2
21
5
27454
49618048
49115234
5
18
1
8
12
4440
5
2
87899169
3
49612958
35514
2
1
5
49612120
4
5
1768
52131
3
2040
3
2155
256
3
5
772
3
7
1
4
14
8101381
17
62010
49585230
19
19
18
2
2
13
200
2718
25
5
652791
18010904
31
2
6
4
8
10867700
2
5
4
38299996
1
49618048
1
16
2
7816739
1
1
5
5
1150
9
2
5
4
5
49618048
19
2
49625715
38294
3595
24156143
3
49
6697
2
1
83096938
12
7960
6677
49618048
8
4
109142
1693
1772
4
1
79413
91552642
16
21963698
56776
4785
4
2
2
1
49621631
3
1
55256
1
1
5
2
3383
743
5
15462
21025
676
1
1
18066362
13
4321
6647
22
4
45933634
57988
18192
44
2
7
2
1
2
70
33738154
18034840
13
6
3007
6
3
5
44062737
2
18447
472
96452
6
7
11173684
665
7
1
1
11
4
38278621
15
63253
1
37
5
1381
158
5
685
9
1
13
11351979
1
1010841
1756
1
15
1
2
49644749
2
17
5
5
2
4
20
8
9545
6
49582195
14
10765
18
1
2
6635
96826312
4
56705991
1
736
6
7752074
2893
4464
4
1
18123
39023718
42613
2
17
1
685
5
1
20357699
4809
1
38164442
16
15
8
2
12
12
2
8
5
4
2
292709
7942
24
4
8
40737816
21
49624352
1
2
1
12
2
6
1
9
3026
1
8
2
83331459
19
1
1467206
3
4
47988
14
1
4446
5
11142885
24856910
182
1
40331
11190165
2
2
4
5
18073120
12
6
13
17
1
7699
49625100
5
1
1
5
2
6
55362171
40651184
2
2
12
1
4
5
390
27
49614250
9
23
4
1
3
846
5
7924
4809
2
155164333
4
739
2
2
22
10
2
16
28
15
1
10
2705
1
227158
3
5
342
71403
7953
6
1609
2
275132
1
41417
1
1
684
1
11
3
49625352
8
1
10204098
7037
40168471
6643
49642719
1
1
14
134916748
483303
2
1
739
56490112
4
13
1
2718
1
2846
6
22358
64850
8814
68
426
6643
1
3383
4
5
36
3741
27
1
1
11803604
40491362
2718
1
3382
3
2
4
29145
5
1
2371698
38769113
1
9
2
1
11
23
6
8487
1
1
21564329
2
4809
6
24
90514033
11193
5900226
554816
7
5
1
3
52451
2
1
1
11818131
40168479
2718
1
1
3
1
2
1
1
2
1
1
70954
1
3
2379
5
29145
2373
7936990
5
1
1
11
5
5
34582210
4
5690
5
1
44159
2
320
233296
58876
233296
92
4817
6656
2272
51
31554267
38735427
7936997
5
27
4
6
18084329
11367887
5
11
14
5
1
14
15
2880
3
1
5
3
10867699
2
21
5
10793
49623758
2
1
27456
1
21296
49473514
1
139
330
1357
24
4
5
5
5
11
3387
14028
5
1
38291
1
3
1
1
6010
5
40492
30487553
6
6
9
15865
16
5
103445
1
5
11337729
5
1
6
1
41452
1283
281
56775
1
190068439
1
1
1
5
1
851
5
5
4
1
37256974
12
18041803
7
6431595
71708635
1
2
646
21
3550
3
22
5
5
4
46143015
36007
4859
4
8
3069201
249
5
1
3
49612799
5
5
49644749
28
1
2366112
13
1
1
12
9
48578
7936989
16598
233296
40169246
8808427
1
6
5472
49609838
7921
3379
23
454
5
23
7738
11
29249
75266337
18071351
5
3
2
5
1
1
6
855
106309620
3
2
7959
2
5
4
6
30177
5
14
1
6
49622788
11
28848
56612
2096
1
1
4
3
3
1
685
101171425
7919
2
1
2
9
18068373
5
2
52
1
40737816
5
16609
2
3
12891
18035969
30113638
1
8101373
4
1
5
133
17
2
1
20211307
11
1
5
2719
441
12
1
4
2
5
1
2
20703679
3
1
14228
5
1
1
2718
1
3
6
5
2
15
2
1
5
40168526
43
1
2
2
49608692
1
13
35501
685
12
10
49642779
1
2
5
17
83331456
54810
2
12
18012487
2
6
6
18
15
8083670
5
1
49617987
22
31
739
2718
831
4815
35518
121556
4
2
657
1349
683
47529738
38769113
9
1
11803605
1073
4
2
5
1
6
5
53749
38735437
5
14970
1
5
1
2
348
18123
31656366
2718
848
1
49619918
10
685
18746
1
3912
1
17
9
2
1
7192
3
5
18171195
3
41128539
5
5
25
454
5
1
341
14347
4
2
3
7
1
3
892
1
1
1
7
8
2
1
13400
2719
18
29145
161
142490353
8310558
35511
1
1
20
3
21
5
9
26440
9
40718502
4
1
10919
8
18035315
7764394
1
685
9
3
62
2
9241505
29575807
3
22772860
1
12
2
1
7
9
9
5
8
4
4
5
569
4
5
18
342
2
5
752
31
19
138
1
7918
2
1
5909
12
18067240
1
1
131
5781
49618048
2
7806628
13
855
58
237448
11793556
1
11
5
1
29
116
1
5
6
1
3
5
2
1
69862
11822680
739
1355
128
4
1
2155
17
1
1
1
5
4
2
2
5
41839421
4
49616697
72882194
4
4
4
6643
2
7
40253615
16
53584078
60
2
701
1
4
53701
1
2
1
5
5
107981
17
44101270
5
48890
2
2
2
3
1
49616290
1
465
49626871
2982
20166
5
47
5
2
5
2981
49618048
1892753
14
226354711
78726759
3
1070
9060
37659
1
851
684
2033
1
416
7
38769114
8
1
2719
7192
5
5
499
5
2
75771806
4
9
84868
108472
2
1
190065283
4
2
529
5
2974
787
4
5
18
3
2
315
94028
1
1
1
1016
1
5
47761793
1
22
18050
49614250
4
420
5
1
8
27145216
24
772
655241
17
28885255
14
2
2
2
2718
1
1
63772029
182582
26
2
133591401
56490107
4
529
2
38275077
15
34587318
5
5
756
1346
18
49611158
27
1
2
3
7926
10
2
685
6
2
7964
1
2
1
5
19
40168476
15
2
1
15
11
2
3
30
1
3
32099
38875
5
2962
1
5
10595
1
18035446
28885264
483
93470410
2041
16596
1
53
30
10867693
406
1
31
5
15929
138
5
2240
24893
40168475
6647
2
1
29789467
2
49626867
27
422
17
21028
2
2
1
2
1
26429
1
2
2
49578440
1
2373
5
5
1
1
10
2
49642450
14
5
1
6643
1
2
11024
1
206
3
4859
5
6
2718
1
141
79
2718
18272435
5
82512
11
3
12
3
7437022
1
26
49613631
5
342
3
138
7936989
14
2
684
26
22018
1
49642723
110
140
18
2961
2
34414975
5
5
166
5
10
49611532
4
7
4
4
2
5
10
6
5
2718
14367
1
4
2
735
4
3
47
252
12
49578456
67039
49611261
3
5
2
49605916
11351979
19
1
5
40168498
1
9
4
5
1
3554267
5
11
5
49632
12276
1
25
4
1344
7
7
47924805
394
11
1
1
5
14517751
5
36277
2
3
18035983
35
5
6
9
1
7915
15801
5
4
10
49607265
2
9
1
5
27675406
4
3
31
73
1
2
1
1
190062721
2
1268
8016
3
5
1
3
11329853
2
17978
49611593
2
8146
1
4
1
8
1355
2
1
30372288
6
1
2
160607247
1
198
4
11
49617986
2039
12
40737812
2718
2718
7937
13
3
5
4
12
7
5
30
7
2
5
18
3371
11803599
3
60
5
5
3383
14
1
3
1346
14
679
37
2
1
21
5
13
12
33
23
3717
10
685
13
1
33
7657327
8
99
12402
4809
1
10
10
2961
2
3
4
48895
4
1
7953
14141
2
4332
49614232
2719
7008849
38735408
5
2
672
1
6
1
2
5
133539313
17
6
5
2033
6
99
439
5
56973
8101562
1
7919
1707447
4867
5
28812
1
12
11
63432573
49624411
89737
1
2
4
26426
12
63258
1
49614590
3
329
30495
7736
7801
59
5
13761911
1
5
13824902
49710441
3
3
10571680
2
5
28039
5
10
3
49606255
29
5
4
49605916
86936701
18
2
12402
18
34
7926
39
12343140
233296
3
9
5
5
4
5
3
15732
2
679
5
7937000
5
2
260
3
1
38293
233296
6
16
7921
5
1
8283947
1
8
10
5
8
17
9
36250948
1
7936989
83331459
12451
6
11
14253
12
4
739
1
2985
5
15
6
50
737
1
40
1
2
1
1
9
5
14
8
35267442
11
49644749
3
2
4785
810
766
4
2
7938
1
13
1
49621708
1
91915
30
2718
1
2
10
47
38295
77877007
2
373053
2
7424
2
12
2379
10
165
637
5
5
2
16
4
10639
56
6643
8
49612891
4
1
685
11
685
5
13
44
2
1
8
1
1
1
5
1
5
6643
49616678
17
2
38276183
1
1
4378589
19
3380
4
5
4
13
10
842
6
5
31182071
5
49618048
7
66308
1
10
9
7
11
151425681
2
6635
1473
49617986
4
1
33
2793
7922
1
1
136
56489913
3
71708635
5
1
756
1
5
593
221
5
684
12
15118
1
91889
4
3
3
17
184016612
7966
4
32
1
2363
5
9
2
11
3
8
10
13
373
625169
38278889
4105
3
20
2
6
1
11
5
3
1
2
5
49629838
8
6
49641429
18041866
54814
6643
11
1357
33003
3
27673124
12785
11
25
49644525
2
3
13
2
7
1
25
685
728
2
20
1
17080
7
5
4
15
1
21
685
24
1357
17867
2
1
64
3
1057
1
1347
5
8
5
1
24
7801
21
8
18
249
11
4
1323
18033709
17
2379
6
7936989
90458
49577442
182580
11810612
53986241
5
19
19
1
5
5
49644477
9
49585242
7915
2
2
4
3
17023
5
11
18
2
4784
5
51
1
1
9
1
7
124043547
10
30
3
1
1
3
4
1
13
1
26729506
7
14
3
1344
28
2
27
6665
365
49617366
4809
4
4
5
2
3007
5
15
5
96452
40171435
40491366
2
3
2
22376
3
1
40168476
6349230
35172
107
1
1
5
23
7925
1591
40172183
1
6
88
2
5
166
1038
7
40168480
6
2
6
22
2
5063
3
2
11348236
2718
67749878
105221
3453
6
5
192
1016
1
4
2
1
2
16
6
2955
27
10
12
6144
1
53510513
30
2
7716190
10790
105217
14251
1
10
2
1201843
1
3
25083
178858928
18073120
1
2
3
6
1
4
12045
18
28
5
1
685
7
45141
119
7
49619919
2003
1786
7
7956
5
20
53986241
78879511
7
1
3
3
11818183
124037847
3
332
5
11090163
2
7
11806118
10
5
9
14
10
17672
9
30207
1
4
49623124
1
11
6
11340102
5
11
1
18
7920
10
3007
34582199
8
35495
3
5
2718
2
4
5
2
485
7
1
20
5
38299994
10
2
34582199
10
3
49
31
2960
3240
30
1218
36
190092936
1
5
7489
64372724
49089484
1
6
14
14
3
7
4
1
7862693
5
5
49625102
1
38281
2
20
1
7
41856314
5
1
3
1
7937000
1
186
3
3
18012656
6
8
49115239
86
15
4
7
11
3
5
2
26082
5
5
282
5
6664
6
4
2
8
4
70567
860
7930
2
14
18088428
40737816
56469495
7
1
6654
5
2
122445012
41795
1289
6
1
125163558
1
2
21
2
5
6
4
4
182580
10347155
8
1
1
2130683
1
8
9
1
2
1
13
19
3
1
1
19899
3
9797492
16
2
1
1
49578439
4859
5
1
685
13
8083667
855
5
24
49617986
40168476
36848
11
1524
19
7787
49617364
19239531
2
1
13
87023
4
1
71708625
6
445
19
10179
14253
6
1968
4
13
5
1
22480
65451
11340098
7117
2
5
260
5
2
2
8083657
4
2
11532
3
3390
2960
10569
21
1
18072273
1852752
685
2
2
3
2
2
19
130107
7515
5
5
10
38760347
2
56002
24
685
5
1
2
11
3387
22
1642
3
12
1
9
28
40168498
435
5
7922
5
4
13
1
2
8283483
1
5
2
1
16
4
18
27
2
9
7
17
8
19346652
13950
2
11
1
5
8
1
1
1
1
3063
1
5
11
7
5
4
182576
34
5
998623
2
122495780
6
1
5
1
5
11
11878015
1
1
5
1
11249694
707
2
2
2
7951
2
1
13
1
457
49605911
5
2
9
9
40168490
4
7
40168476
11
1
677
8
2
19
4
2
1
9
1
7934
2
1
18
49616690
15
2039
7924
5
5
4809
4
2719
98
1
11
2718
3791
5
5
11
7
7931
1
3
828
33003
10
12361
21
5
101398791
5
267
1348
49609712
1
2
3
5
4901545
35513
12357243
5
5
4
38275081
6
13
11175303
5
5
18076681
19198
1
8
125013734
11339422
6
4
2
27449
37792
2
8814
6
40491362
11
7963
6
16
1
13
27458
5
24
1
21
444
329
6
5
9
9
6039620
4
3
5
1
1
31186
20
8448
1
49618048
14
121832
43
4009
5
14
2
233296
8
49614930
166
1
6
53061
5
2
8
32
2718
6
4814
18
2719
32
1
2241
3
1
29918008
1
4
2954
2
5
35508
4
57271
4131055
1677
11894959
14
3
22
2
31
6
5
7935
16
12
1
5566
2
1
5
5
13
2
6
11531
6
7821694
4
4
8724
22039104
2
2718
9427
5
4
2
2
133579751
856
11229453
1
2
21
2718
59453650
26
7936990
5
18
3
762
2
7936989
336
2
6643
57226703
85
1
18
5
2
3
14
4
11033949
5
13
49642718
2
7934
6635
16466
1
3
1
318740
2
3
3
29
5
8
16
24
2
1
3376
17
125175762
6644
2252
3
35514
49618061
1
3744
1
18041799
1644
17989
2961
19
1
2
49610863
37838228
6
35506
1
1
5
5
143260147
8
27
6
2
49578456
56205
2406
7936989
2718
18012656
5
1
3
38
5
1
11
38264919
5
61
4
5
1
1
5
93468187
1
4859
10
5
685
1
15
1
739
9015
2718
11
2
1
7936988
49706685
1
2
5
1
10556057
2
49641407
1
2
12
4
48411049
19
7917
38
29
40168482
15865
14250
9
428
25083
201
5
49642717
3
5
5
6645
2718
38277
7
5
679
7
24
7036
4
10593771
5
202
20
1
8
5
56147
2
51
1
9
6
5
7
18
18
227250
8083229
105450
5
10920
146719505
78789
9
2014
8
1
9
5
5
12
9848
5
202
5
12
1288
49618048
5
47
2379
1
77460305
48647473
7
5
9
7
16
4
1
21330
7937011
1
685
24
11327
5
1
5
2718
49617986
18992
6
19453
6117
28805
9
2
5
565
3
19255359
5
1
5
938
29
22
56730539
1
6
6
4
5
1
203
1
5
1
16
1
134914947
11372193
2382
2
17
19
5
37861782
1017
11
38735459
5
19
9315281
6
5
1
1
15
1
1
40168478
4
4
2
5
233296
2
74983
122461570
1
1
11339082
1
29145
5
2985
2
1
5
10847736
685
1394
16
8
4
3
50295817
29145
35498
2719
245
19
1
49614159
2
2718
4
50
1
1
6
23
2
49611257
3
12
1
15013601
7936989
60029
58966034
5
1
2
4
9
1
20217
308
5
3
9
7
6643
13
7939
3
5
5
15
75183
1091168
1030
78780023
24
2048
5
1398
83322595
5
12
30
5
1
49620905
8
107450
12
2990
7635
2985
2
1
1
1
20
4
2718
49617986
15312
4
5
5
2
17134
5
2
33
1
7936989
100
44862776
2
1
2
1
56627
4
10
685
22
639
18041747
2718
2
1
5
3
1
17
117907792
24
34582210
285
1
2036
18
1
5
1
5
3387
2
2
4
5
4
6643
12
11249841
1346
5
6
5
11178087
3
5
7
1
4729
49643457
68308865
832
75025
63206
16
534846
5
84
7
2
1297
20
57158
22
5
685
5
10
1
16
5
1
7012128
38372530
8889
1
2
11229220
116
7
2
1
2
1
6875
5
14970
49610420
49617986
74869
122462003
249
2
38710005
2
49613979
1003
22383
28875087
110836
4057
15024
9
2
49621431
67644
3
2
1
5
3148
49615668
9154747
19
5
1
3
13
17
2
41
2985
1
4
3
6
38760022
49626864
7
5
15
12038
11351553
10568642
7937002
8265992
2
5
3
1
1
3
49614250
147810128
2
7
51105336
6
38275168
105450
5
2
1
5
2
10
685
64840
7931
7
1
1
18041821
2
9
49585242
2952
5
5
10
5
4
17
7929
1
5
4
5
17023
21
38678685
8
5
5
2
3
40737855
56713139
12
56626
8
8261680
5
1
190071686
19203263
1
1404
8
2
31053
11
8310213
5
3
5
22624
685
2418693
739
2718
31888
1
49611253
1
21025
2
49612121
1
5
1
11806110
11
2
1
1
4
1
3387
5
25
38678666
1
685
7008849
18035304
1
5
18012666
14
2039
7
1
1
106707
5
13177
4
276
1
1
1
49642779
49709600
25
1
228
4
17
13
74398798
3380
18076672
2
9840
11336029
1
9932
19
3
9566
5
22
10
2
5
1
1
74872
2252
2039
1
6
49608683
71628
5
5
1
2
685
1
3378
4
38777255
49107624
23473
22
3
1
14
42690
21
1
96614767
31476
10
2
12
48
49642723
4
472
18002209
1
3
1
4
49620762
8
1575
293
1
44283
8
49611102
1
2
7799
1
2
2718
1266
1
4
4
2718
1
7
49618048
4
6
48439
1
105450
49624145
11
1
2
685
10
1
1
47313
8083078
138
148
739
41
2
7764394
4
6
1
5
5
18041825
30132213
5
2
2
49616897
12
6
23
116
2
1
1
5
5
1
4
23857734
10204125
2
3
38767625
3
21
190029563
29932
7
16558
57111
49618048
6
40824904
101161427
13
5
6
157237
5
1
32
5
1
2241
5
5
7928
5
165
1
3
10529
28
34714475
164
1
49709312
21300
12
86
23
5
52
440
1
3
5
183
29249
18
4
5
2
49614160
10
9
4
19
12402
22379
1
5
5
6775
93469226
8
5
7936989
1868
2
1
1
5
1
1
1
1
5
8
19
1
1
2
42048866
49115234
9
11
4079
5
6643
100037752
7926
15005
5
1774
13
7
1
2
2719
7
2718
2157007
5
6031
5
21
2036
13
3
3
1
3
1
5
3
5
4
6
5
1
2
56914
12
14
2
2
2
101094915
4
10918
828
26
56469495
6
49614311
509
6
3
739
2
412
120
16611
5
3
4
1
4
49612891
10918
2
17
75
4
17832
2
5
4
17
49621278
60009
5
2
1
1
19
5
18
18076678
1
178581141
3
29274
1
5
7050
10
29249
15
1
1
19
2718
3
2
7196
49611102
25925
11
17
2
1
1
1690
8
2
49619918
49605915
4
18451978
82
685
49642373
1
18583
60
23
18
7926
1
42
49612564
4
854
7
6875
5
20
46103976
30168
1
1
4460975
4
2
18
7
8
1
4
5
29145
49586257
2
2
17
23
2
10
9
91
9
49617986
18
3
2
192
1
64327
30881852
34828217
49605929
63252
9
49608688
40198
7488
13
17933886
3399
7657326
5
5
11173230
7924
17
10
10612137
30892362
1
6
1
34
586
4
5
781
12
1
4809
1
1
12
1
2
1
5
1
1
20
7
40168476
13
3
26
2
2
1
2
2
7
1
49622384
5
342
10
1
7717
839
27
2
15
2
1467220
1
2
2
5
6
1158
1
2
6643
6
2
4809
5
177500
4
54975169
6124
3
4
2
32
7936989
4
13949846
24
30062310
675
11780909
1065
832
13
784
2
3
6
1360
2
23
1
6
427
3
49618048
50057257
17
64810
6643
7
64122
49642299
312
17689
49641436
7488
1
49609870
11801402
1
8
24296
9
2985
2
4
2
2
1738
3
2
18084295
6
57287
16596
2705
2719
4
31
16
6
1
5
1
5
11339082
1
6
8
2
2719
3
17
1
678
236717415
49642114
1
1
2
101127606
4
56489916
685
1422318
5
9
5
4656
1359
1
4
2
7119243
12
4
1
60
33
2
7615386
33
49005269
3
739
5
12402
6
3
6
20845662
22
12
422
2
1
2
3
34414974
5
6679
7
2
15
7936990
2
18314
20
1
100037752
6645
27
4112
106
3
28
2
4
2053
5
4
4
3
2718
10508155
7
190019997
1
7936989
49131
1
2718
15
1
4
17
9015
49613140
36
7
13555
2
8
7768688
29583
1
2990
3024
18306
1
5
3069201
13
1
40491380
1
1
5
26426
6
2
17
2
49624012
76914147
385
26
1
4368
1
2037
2
16
45136
7
74328
3039
6
4806
6
12
74858
49612892
4
14
26
85261
16
1
28
8
1015
15
2
2
2040
4
13
149
5
7
4
1
8483
3710
11339082
53098922
5
43
67
3036
2718
2
7489911
8
2
57
1
25
17
5
12
49642044
348
53431947
1
5
3
1
8
6
56620
2718
1
22
2
2
1
25
5
5
2
2
49596358
36
41839738
1
5
29
49642129
14
174
1
11339422
472
4638918
492
1
5
1
8100564
8
12
2
49609778
49617986
49636116
44
5
49710062
527
18070021
222
2
4650
30
1
3
2718
5
8
18
52702
5
179756630
11
2
2242
1
2
1
1
5
34582199
2
3
2373
2
666
1
4
2
49585242
2
3
2
23050
2
1
1
4
5
4
60011
11
2
14
855
5
11790206
32
38295
2
57
11
1381
35120
18
18
6029
3
2
42001312
4859
1
3
32
4785
1
6
2
31523
8
214
26
1
1
1
2
12
1
60009
16
36
2
29
4
38735421
10918
10
15
20
5
2
1
18
13
49618050
49609777
18041785
54310114
8
5
7
4
8
190067981
2157010
22
4
75
1350
15
1
7935
19
233296
8101402
147944
1013
7922
8
1
5
49616974
5
1611
6
5
33020
80197132
1
2
1381
2
1
1870
1
17
35514
2034
22025
8
8
51880
31
5
36608316
2
30132188
245574
5
49642072
1
36
2
11529740
8
17675
8
19
64
4
11
5
49618049
3
4
685
18012656
96614763
6
49626863
2
5
855
10
49613140
5
5
1
7
5
5
1
5
14
1
5
2810814
8
17
112
2
8
2
4859
18065932
5
17
5
7048
5
5
1
9
4
13
5
388
49617358
49611780
1
182403
257813
4
11
2
5
4
27
56736736
190128570
29275
49618048
1
1
20
8
1
867
1
38767622
739
12627
19
49620770
1
2
1
3
5
12
12
2248
5
58867933
7785861
244183
21353
3377
1
49577437
2
44562
2
2
26
24
424
3
56718379
1
1
160
1
2
5
49618048
675
11193
12
8101671
8
2
41105
13
83565
2
8
2
11336703
2
11747
16
105450
49612551
1
1
71708622
49616969
761
2
685
8
151199852
10513
2
133
49644757
7
1
3389
2
2
5
38289
2
22
37009
2990
37
1
4
5
2
65682
278
2
1
685
13
6
1779
118760
1
7
7
37259699
4
11538
5
5
7939
11
1
42765
1
1
2
17
2
1
2
4859
1
13
22379
14
10641
3
10
5
6
5
6
4
1
56637
2718
5
2
2
2
16
666
11339422
67857296
7
9590
13
420
43
11
172217858
1
1
1
1
15621
4
1
5
435
7
39
49621627
2
2034
4
7
1357
11336703
11
2162446
1
1
4
49617987
2
52127282
2
5
5
9
15
49645088
49115240
357
10
5
5
3
1
19
49644749
4
6
37
17988
3
38339362
12
424
2
10
5
5
6
3
1
5
10782
6
4
4
1
9315262
5
278
11330863
12045
54
1
1
20327
5
18070023
5
5
3
12
49614246
7887437
9
5
4393
1
5
685
30
7428
4844
6
2719
49115234
4
3
49611101
7
28885264
1
56469495
2
266
3912018
2
27673151
1
13222
11339422
3
1
17
233296
38735430
23
1
4
38735421
90522245
3
2037
3382
5
1
8
10
2
30435762
2
1
2899
1
5
812
13
1263
1
13
49613931
32
17
6
11
93469734
38339337
1
10
2718
35514
49607605
1
6170
329
4
22
2
750
227161
1
49581163
1
26853
8
26
1
20
3751
1
19
1
2
3
4
116
178
40491378
5
2
1
14
7
2
61883
49578456
1
7
14
4
2718
1239
569
17
70558
2
62
35514
1734
7936989
13
9
1
14
6
40737840
81655
3
4332
49643047
750
5
21
13
3
3
190046441
4
24
256
6
1401
90487898
17678
8675
26692786
468
3
327
3
9
654
2
5
5
1
11155575
2
18
14241
10891634
6
22358
4
3
1
10
4
49618048
1
11
1
1
10867701
2
6678
2718
56335415
332
56767997
35
10
1779
4
1
1
10
12
13
9
65692
4
11803570
3
1
3
17
6
1
5
1
2
97
18
31
2
494
49624679
2719
122461587
1
1
29
11
9
685
11803604
17
1
2895885
1
1
1
11
18022749
5
5
8107530
49620750
11
11
12402
7929
5
8
4899448
1397064
13
11046
19902336
3
2039
2
1
5
1
18
1467210
49623128
2
10
7
1
4
6040981
1
15
159
3
56490112
2718
38735436
1
1
10
6
5
49617986
91842
50
20
11809782
18004499
8083508
13
61825734
38766368
6
60609763
15229
123819325
8818
18034809
7
1
3
5
46460305
1
26997
22
11
1
48289
53986193
2
18
9
2
1
15966734
13
342
1
3
49620739
5
49643795
71708631
12
2
122359727
1
30
523
34970
18070012
7887471
7
4
15
2
21028
15
1776
16194278
2
12400
5
5
11330878
47
1
569
49611933
3
11229281
11
8598
1878
2
10
17
2
1
64276218
1
8
1
27121821
1050
1
49115234
2
4
16
11039428
113783
101139047
279
2
5
1
6
5
1
10867701
28503
2
2887
5
11
11
6
2
12
1
16
36723
37259702
5
2597650
10
5
15174
24
80542495
2
5
2
56683116
18
4
6
49623064
5
3
72884263
1
4809
1
1
26
29145
1
1
49642778
436
5
5
5
23
558
35514
16
2705
1
1
133616736
56604196
72880849
2
1
4
2
1
1
6663
2718
422
16093254
1
149
35881
342
2
49585242
18
1
1
49610852
2
12
9
31
1
5
6
1
17451
6986
1
38735421
17
26
20
5
3
7945
2
2
5
1
4
17163
49626869
35
2
3
18073578
2039
28
685
8
1
42752
4
1360
1
105450
53394021
3555534
1
8727952
38294
1
161
11
10
6643
1
1
2
38678707
249
3387
4792
5
4
2
9
11
685
6
49190551
4
8310241
7929
33
8
3
7926
18108
3
185
166
16596
1
49586257
5
5
11336703
49642780
824
10
1
62848
6
1
49642719
5
14
14252
13
1
10
3
5
1
42520
11339422
1062
15
1
5
1
189631603
28851
38166926
28334
10
3
4
133654049
5
1149
18
7
8
2
9569
7886403
2718
4
3
5
1
5
6
49626863
5
38286
5
4820
7
28809
1
3
24732
41795
4
13
4809
1
31
18068235
8
5
2
1
685
6875
129
2
8310480
3
49614984
11268700
14
2
2751453
1
1
32
38149180
49616625
18
2
5
4
2
1
4
4
3389
2
10
19
24
2985
3
1
2244
1
6
49618048
38735435
49613140
3554260
64315
5
685
17
3
4
2
32541
7
5
20
38275907
3
13
799
7
1
13
1
56754408
1
13
3
17791715
41352
5
2
5
1
38
3
5
5
1
124
587
2718
7802
71708622
677
197
3
101360762
2
680
1
233296
4
4859
685
28
47683
2
1
73392
8
4
1
7
7206
12
9
18080156
18
4
18033811
5
11
11340102
2415372
3
1
2
7666
9
4
1
29580911
5
49623124
2027
49608688
1
125174840
49626862
1
1301
2
1
20561109
10
5
6
17986
12595
1
5
5
182580
2
2
1
1
1512
386
16
855
23
1
3
850
438
4
4
15
1
1
1
13
8
49610115
3
16915530
15732
5
2364
750
168
29
4
2
738
5
21
3
425
64810
6
5
49618048
1
5
35512
52128234
20337
6643
2
13
3
37
797
5
24
685
40213
7936989
1
12
14
6640
2
33
25
8
1
168
14
4
49608688
6643
5
35516
2157011
3
17936235
3
1
9
21019
1
11
7926
2
1
53219
64317
12
2
20
685
678
1
7919
1209
96614766
4
31
3
135
2
2
38766381
5
1
1
2
3
1
2860387
72873727
3
5
3
2718
14286
1
1
4
2
1
3
56227
49617986
8224
49642306
1
11351976
25083
2
10
5
5
4058
190005656
19
1750
35515
6896
5
3
11342141
7943
2
11337049
63843
34582199
163
29145
3
1
11336390
86073477
49625103
2041
2
4
822
1
1779
5
3
5
1
13
7
5
4
1
2
29145
8692
3
5
1
5
680
18
14
11
9
1
35514
1
5
16
3
4
1
1
1
49605917
101143363
8034001
10
49616689
5
685
16
1
2
2
35
1649
9
3
1
18
24366
6
2
1
12
7936989
18
7
1
12
10
2602
2
37
1
2380
4808
49630703
3
2
56771432
49621381
49618048
9915
5
5
74
2
5
4
3
2
5
1
9
6
11357053
4112
625167
18123
11822680
40737816
38
9018
18
17678
1
165
49613136
3
10
1293
49642998
2718
8
2
2025
71708635
19311
12
2
1
9
1
2
12
6643
2718
3
35507
5
5
35
1268
2
739
11
2
1
18592
28813
18
1
1
19
3
9
2891
166
1
7
49612616
2718
685
93707149
12
27716792
6
4814
5
49115234
24297
9015
49623141
10993701
1
248
2
8
1
1
9154
3
5
40898512
6
3
7934
9
24968
4
4
14812179
2
4814
5986
5
8306041
1
1
679
1
22
2
4
22
49617368
6687
1
10636554
2
7953
2
4
45
8
1
1252
2718
49642779
38356992
3
49626879
7937014
49616898
1360
4
2
2891
3379
4
80113412
1
7928
38767639
3
1
190005646
28516
1
1
121
4859
2
5
242
1
4
16
17679
6645
5
221
5
1
17
71708643
22038
13
1
5
2
19
1
707
7916
2379
14
1264
1526
5
49642044
2
11340102
5
10
17023
1
1
2718
4
1
8
2718
29927205
1
7
2
1
49145330
783
49614650
2
233296
3
5
29575810
7799
7
8
2
7932
4
193766197
834
1
3
77376458
2891
6
24
3
166
61
7729
2
4
19
8323064
1
2
26257
11
1
2
49614222
2
4
19
35
6643
3
3
1
3
14
5
98
125172686
6651
2
5
23
16
18072273
18992
365
49617368
1
534849
49617364
9
7830667
10
4
7926
18239535
2
3
4
1
14
3628582
855
1
1
685
2
2718
728
15
9
2
4
1
517945
13
3
25949985
11
9
2
49703947
12652
190029431
5
4
85
2718
2
8
1
1
1
5
3
685
47924805
73953
2
4859
12
5
1
12393317
26
3
2
16
1
5
3
1
2
7
1098
50098995
9
422
14789
18
173
87298496
4
8
1
56837107
6655
855
50
49614650
56718310
2
5
8
12742092
4
5
49614987
5
5
3
56738417
6643
64166
1
34582199
2
7936990
10
8083224
2
685
5
2
1
49578456
44102288
739
7
5
1
1
1
1
2
14286
7926
6
8087435
13
17184
1
3358
7947
1
11341461
49617363
1
2
1
7
1
1
8
1
2
10
31520
16
5
4
2718
1
1
49596356
3067
5
3
5
1
6
5
3
7920
8
1
5
12
130
6
6
1268
1779
14
3390
19
25315
798
10698480
2
49612611
1
3
11818132
49611791
5
11
5
25
16469
26
35966476
25080
1381
16
19
283
182580
38275077
1
15
18026837
1
1
6842
10918
5
12
49613306
15
4364
1
7
2
12
58
9
1
14
2718
28
12
4
685
33668092
7937019
2
11
1
1
5
5
25
2406808
19
3
49626863
1
178849843
165
4
11
6643
34
38279565
1
6
6
1
1
8306066
5
11354606
69
7
1
3389
7915
1
1
5
9
60009
1
420
20568
1025696
1
2718
5
3
49617987
5
2898
9
17
12
2
36126
18
4
4
864
58337360
5
1
2
2
38275080
7
1
18
2
4
28334
6643
83330598
16
1283
36667
14
8
3
3
3
49630712
11474
49630043
16095024
2
20
3
1
2
3
2
119153621
1
8
2151
1
1
15
5
5
4
5
9
8
18
2
1
21
2
4
46
49616880
3388
26027178
31172
8310558
15
685
1
2
8
490
49616689
15
342
7
5
4049
5
18
27969
1
2
99481026
3
1
2891
3
2
1
1
11033
8
12
5
94
3
3
1
1
1
1007
8
1
850
2
1
1
49606260
15
1
61952
3
6
18
25
10204108
30504
1
8265990
5
36
15
4
4
6
11191036
7
14
15
3
1
34564995
4
7802
10
5
4
2
10
2047
30
7919
1
1
51868934
2718
5
1
5
26425
1
3
5
1
13
6
14271
7
6
13
1
1
4
1
6
2
16
2
1
1
4
18
7
1
3
4
7
3009792
30783
49610852
6
1
5
3
1027
4
3
4
5
1
8266076
15857499
17
15
9
1
4
2
14
34713736
2249
4220
1
5
8814
11
2
7245966
10643
5
2
1
2719
1
21
1
3
1
1
4
7902710
26
1982
7
774
6
14251
1765
119
35514
2
49613977
2
1
750
1
2
24
4785
1
3
15
2251
8
8
19
1357
1
11
4859
864
4
1
32997
2718
855
2
2
1898
6
14252
2
35511
37228304
2
685
4
8
100
2
1
7
1357
2241
20257
2790
5
1779
5
4
24734
111768366
5
8
11336703
33
3
9
49608411
8101368
7
254
1
1357
1
1
1
45532642
5
7739
1
5
31053
3103
4
8
5
3383
7
5
3
11803593
16
5
5
6
8
1
11339422
6
11173232
18600
4
4805
6
1
28
64255
2
148
368
6
74577000
53543
1017
109970767
2
1
13
38295
7008849
8083078
8
1
18084339
291943
1
18
34
1
3
5
54568132
2039
7886403
26
5809
49624672
1
14
1
1
1
119535
12
20
8
7803327
2
4
3
2985
14
9
10
7808
2
468
1
3
5
3
422
3
7922
269
1
6
396
14
49622794
26
2571283
5
6085
12
28
12
2
113
5
4
6
13
1
8
683
21354
6645
37259717
1
6296
1016
2421291
133567424
17
2718
1268
2
11818160
18
9
4
56706277
14
3
3
860
1
7
9
52127283
1
10717
29
2
1
1
2
1
1
2
92597
36127
4
1
2
1
148207
14796856
29575782
39
3
7
4
2
2
7692804
38767608
3
1
1
5
3
1
1
5
1016
7
22
1
49576084
6
1
49618048
10866464
1
6
845
9
2
12
2
95338
5
2
1
2
2718
1
5
230
1
49621973
5
33003
1
13
20510
6
298
1
44562
18
5
7071
6
345
3
233296
1
101131227
49591357
105450
1
49577437
15
17896
1
49831970
2
3
1
5
1
2
49607949
5
1
1
21
5
8
4809
37167214
5
1
1
1039
2
15
72884247
4
10639
18468
6
1
8
2
18
1
2419
5
501847
49612611
71260335
49614250
5
1
6
4
20
22620378
5
4
1
7
3
5
166
4
6
2
19
6701
17425
17894
3
679
5
4
2718
14
12
22657432
2
143256846
15501
5
2
11
684
683
4
3
3
13
4
6
5
4
52212
5
34587318
1
26426
21476
2
2
7
1388
190092790
1
16
4410381
5
1
1
5
12
12
1
5
2
1
1
1
5
2
1
49578456
42257664
4
8
4
1
1
4
8
5
1
26
4
12
46
1
91125587
5
8
7934
4
38735421
4
6
33003
1
23
625170
2
15
49115235
23
58873
1
5
18041825
2
558623
8079099
2
4
339
15
25
4
49642718
3
5
2
99481011
1017
11806115
5
4
1
10
63263
5
49612622
5
29
2
2
1
4
1
1334
3
9
2419
60138548
49624012
5
685
5
581
17
52127283
990981
4589307
7922
4
511
1
4
1
4
1
21
17989
5
4
8
4
23
4
860
63261
3
8
5
34
11
1
38007
5
1852752
4
3
4
23604917
4859
11278717
1
2
680
1
3
49709161
1
11208621
1
14
860
10867693
4
70559
5
2
49641429
12
241
22
11040616
11532
2
679
1
167459
34582210
17986
40
1
50
27462
166
33003
49629436
7
4
1
62
1
7
2
19
3
15
1
2891
13
37259717
6
685
2033
7925
9
4
1
100037746
5
3
1
19
2
2044
1
4
1
1632
2
18
251
24
1
13
24
6
2
14
49614159
3
19
9680
5
2719
13
18328
1
19
17
1
134912208
2
1
2719
10204098
4
53479
49627142
4336
6117
22
1
683
3007
1
1
11336703
4
262
6
1
1
1
2
5
1
2
18
11
6900
7790
11
49617986
59453659
1
5
10627548
15
16
755
1
5
7794
49121561
2
204013682
10
5
4
5
5
49585241
12
1
2
22735857
8814
1
3
1
2
56644
1
1
860
45
49617359
2
6
2
3969
2
31180664
132814
56489916
8
49086364
17
462
2
13
1
430
1
1
1
2
4
1
111002172
83379
1779
2805
17
15930
18
1
6643
2
1
6
24
6
2
8
7
12276
70770335
7
13
1
25502
11286600
22
50
1
9
2718
49614246
29145
3
1
152170049
3
1
12
17
6643
2
35514
1
6
40006511
188608309
441
2
56754812
2718
281
10
2
4799
111655
5
4
1
2
2
6
5
2
5
247
5
26058
1
49619910
8
1
31
22
3
15
2
1299184
1
26
36
5
56156882
5
2
2417328
2
19255553
16
4
4
1
1
11
1
27
1
1
4
4
1
3
27
1360
23
49642761
21028
456
5437
942
5
3
3709542
49616689
2893
325
2
5
7816750
1
38932235
1
4
4
41
1
18
1
3377
17
2
28
5
2718
49610852
9
7
11
1
3384
33267
31
4
49115232
18
2
17
1
16
1
1
4332
1
3
31042155
3
2
53986206
18033744
136
4
1
6
80651033
5
1
49642775
13
3
2718
124909
2
5
1693
18
3
14
20560780
2
2
7965
508
1
1907
1
1
2
8
1
5
1
5
2
437212
5
2
2
5
40169254
14286
6
48
466
25
3
8
1
60
5
3
31172
48
2
21039
1
1
1
49549647
1
1
38767631
39
28885251
6
4
8
1
19
14406
8101366
212
3
3
5
1
7922
340
22365
80
4358
9
1
56671091
4
5
5
1
33
3455
5
49641429
8083049
1
735
17
134912225
5
422
21
2
2
6
20858
2
5
6038260
1
2
139441257
2
15
13540
5
18068233
1
4
15327
685
2241
5
14
2
1794
1381
17641311
1
11803604
125174841
44
6
1
6144
26
1
1685
7816923
685
32070
4
8
1
2
49608679
29249
128
1
11164139
534862
8
1
1
1
5
41857639
5
18
5
18
6117
4
5
1
1
8310540
2
10
10214
244539
26426
8266009
1
2
2
2
5
19
5
6
27673135
10799278
59176
2
6
4
1107
2
13
14
9
1
24734
2
3
2
1
13
12935
670
3067
5
13018831
10
35502
32070
5
3
5
71708625
6
4
13
2410201
10
14
1
2
2719
4
18
9
1
27
18
8
2
4
5
29187
9
10
508
5
2
5
8083088
5
1
14
47924805
534067
1
25083
1
1
49617368
6
10918
12
19
28932397
1
5
170
16
11
18
1089333
1
1
5
1
11803599
1
5
2718
35495
5
25337
1
1773
461329
49
1
6
15
3
5
7262
9
10
58965896
13
49608690
1
5
3
2
16
11336029
8283966
1
508
3453
49630043
5
2241
40491363
860
1
1
3
3
1
17
1
23
2718
2714
553
1
8
141961087
29918015
14
3
2
3
14
2
94
16
28503
1
134912190
8
17682
5
1
19
5
1
10
2962
1
56491288
49621030
34664
5
4
1
20
124037
10307
8
1
3377
41911363
1
7799
319
5
2
4
7914
6
4
68229776
4
2718
4
5
9
20
3
2
5
13
6
268
2
2
4
27
38710013
9
54920
5
1
1
22744462
2
14
3
49642044
5
3
5
41
53986196
4307176
6132
1
1
17
4844
1
4792
5
5
6
12
5
1
1
50
2
23
1
4
23
29
7926
49622464
4
5
7
685
12045
10464
4
1
2
22166
40168708
7
1
2
1
39
14708202
40737812
5
1
5
37153279
8083113
26426
12755
2
12
2037
1
1
11
8489
18012650
44554
13
1
2039
2
1357
5
3
1
27
6117
5
36995
2252
30
5
1
11212863
1017
11339422
2
10
5
855
49618048
5
7941
38760347
15
10
29145
64866
850
618
1
49618048
17
2
1
1
6
2
12
94018
7799
4
507
8
2
5
34
1
18012648
29145
1
1
2
1
3998422
2
47515871
20782023
4
1
5
9
2
49617986
8101394
42762
49605915
49597037
26425
7
13
287
5
4
1
5
2
4
10518
18071348
11029198
1
1
3389
19
1
4824
2
13
15
7
2034
3
685
7056
2
2
7
19
1
1
8328551
224
1
1
8
676
4
78
19419
11
1
4784
2
13
8100958
43
1
2
4
1
56930
120
11340102
53781
20000
5
16349
8
3
1
1
2
1
3
2
1
17
2
2
3
1
12
96614759
6643
6
1756
38149159
25415
5
5
8083073
38710001
464
11
6327510
2
5
2974
4
25
6
2
2718
1
4
10765
5
72920774
3
4
5
49632839
3
1
91552648
14
2
4
1
685
6
1
14
30132195
2034
1
49631060
1
1
2891
1
1
2
21328
49611101
5
21769068
3071433
2
55
1
8
3
10
2
130
13
4
29580916
1
24
21427
5
2
422
11336703
21
8
23
37792
2
4
2887
49609745
6
1
5
1
30775074
1
49115232
1
7942
684
33004
1
2
13
18
5
2
9
2718
10
444
5
49612910
1
7
15
13
182998
4
5
49614235
1
1
26
156019844
2040
4
1
1
685
15
4
2
7
5
19299
25
1
190025452
6102
1
124
3
9
14
49617368
38286
