483
1
44649
2
1
2
4
38710004
1
6660
7926
10
49642727
4
1
1
17
8
1
1690
4
8
49607253
2
5
13
49620599
24
4
1
7008849
20000
7
4
40168491
1
1359
1
11
4
49299207
5
2
17
6
7
4
5
1
135
14
2
47561
2
11348236
62997134
2
1
13
5
2
10
35551
678
1
40168482
2
1016
1
4
2985
1
1
1
10
8
6643
7925
7
49627208
5
738
4
12
20373018
8083107
845
35551
90471382
12
7
52126647
11339422
4
3
769
11579767
10122679
5
2
10
4
10
5
56751536
3
3
4
35551
42
2
9
16476143
6273
1
2
11
5
7
683
4
2246
5
44
5
22
10
27
18035561
37
2
12
10682794
5
2718
2
49630042
1
3
7934
5
4
3
2
1
2
49642771
49614250
19908013
6667
5
8
101136202
3
11
683
64840
4
4
18
2
4779
5
1
9015
5
37260371
45
7922
96452
8
2
4
5
750
2
14
3
40
1
32107
5
3
6
11
5
56666293
4
2
2
2
4
133562
3
53986249
96452
19640
5
3007
5
3
40168483
101135736
5
3550
3
4
5
27
6
7
2985
5
3
1700
17
8083078
2
2
3393
7936989
9
12
49596361
33
38007
1
5
11213789
4
26
9
35529
342
99481035
8
6
1
19
1
24767
2
3
2
1
7934
6
5
1
13
10526
3
3
2
49616694
6643
12
1
1
3
4
7008849
61
7684
683
42927
18
1
683
5
2718
23471169
3
1
6031
57315357
71718974
676
2
44561
2
49709980
3
1
5
10
1
7
10778459
38
90
22
1
15
13
2
1
35551
122495806
49611765
7936992
6643
15
1
7937013
11
36
5
1
2
2
14286
1
40737812
5
5
2
4
9
2
4
49642719
3
3453
7784
4
15
18711
11
18
4
25
3
25
97
11
1
39560384
6660
52
41434
9
23
11
683
16
11171783
3
5
1
5
9
7924
6
5
18
8
11818155
6
301
1
1
1268
49617986
7012124
19
8101402
2
1
1
16
2
13
1
13
1
41403
5
5
12
6
52127217
1
36126
683
3
2
1
5
12
71708633
40737816
2
19
1
1
1
2373
40168483
2
38264989
5
5
159
4
3
7937013
5
3
40168529
9
683
5
683
1
17136
2
1
7
71310799
1
47553
4
8210
45995862
41
13
146674
21
5
2
7
5
1360
47571
5
9
1
93977
49605915
1
625170
40491389
49617986
7
1
39
438
12
22883
1359
4
8
1700
1
1
30166
37263401
5
1
1
2
52188685
23
49613137
1
14
5
1
23214360
1607
7953
92915617
5
148
7953
7
40491368
13
2
219
282
7
7798
5
2
2
2
1
16
336
4809
40168479
15
3
2
29249
18060282
1
2
5
4
5
339
2985
8
178849848
4
750
35551
7
28346
7944
49115245
11367887
4
7
18041799
7926
3
5
4
5
38617
3
1
11
7
7821778
18
6
2
1017280
1
2
3
50690
33035793
100037787
20217
1779
683
4148
35514
16
17
2
2
11802165
5
856
57475178
401
227042
6
1877
22358
52831
11
5
18033767
26
1
3
49642719
12
13
38288
2
3
3
5
40168483
2
2
21331122
3
10
7936998
18
11
24719
2248
2
25777
5
5
49701735
22475
10
1
2985
4
5
20
1
1
1
3
5
4829
1
49612891
4
1
22
11348240
11342141
1
3716
14991
35514
1356
19
342
35551
1
40168468
1
49630198
49613571
5
9785
2
38735413
4
5
11197041
5282
401
56214
4
10
25
710
10
15630
19
4
11
5
683
30
2247
49609776
1
19
19
49642777
683
8374
32283
2
5
1
782
4
78534904
1
46313661
15
4
2
1
7940
1
29145
1
124035492
7966
49148510
1
7
2573142
7964
3540
6031
6
34
4
7926
5
7799
2985
2
1
5
4
40171427
5
14
78284
2
1871
2
7
14
1
17832
2
6
1
57739
28
676
3
2
1
47553
2241
8210
24
20
240803
4
35512
5537046
6
56729651
9015
1
15507660
1
8266077
2
2
49642718
4
3
141
1
13
2
37259699
6643
96192031
6
1361
2
7848428
3
1
2
7945
3
49610851
7798
2162784
1
3
1
1
7920
1343238
37490590
5
1
13
6643
13
1016
7051
11334670
224
3
1
4
67
5
5
3
197
1
1
12
95169
6
108
2
2
6
683
3
37259703
5
5
2
7942
1
35514
18535721
3
1
2039
90471372
40168501
9
11806110
4
10
10
10
3
5
22
54378
20
2
5
85
1
2
5
18137
2
35551
3
2
14
12
2
5
1
12
4
2
7925
4
2
49642090
16
9
6
1
5
39164
96614769
8
2
32
7
21483
6643
4
3
6
2241
1
1
8083666
37004
18855
2
5
274
18004539
19
7932
2370
49642719
7074
3
6656
190
1
2
4806
11266843
3
2
5
5
19
5
2
7925
2960
99
422
6643
2
11245283
62491106
20853
3
15330
49614159
49617986
5
86338928
2
1
49618048
1074287
6643
34612
9
9411
1
56784
1
9
1
12
13
3
49616898
3
6643
22358
683
6643
3022
16596
4
2805
1
27
5
2
28
7
35551
18012651
2
56640
49642778
1977445
4
133664381
3
13
25
77
3
2
37009
14
6643
2
3
4
5
2
78041367
3
49613140
11
3
10
2
21
1362
5
6
3
7753
5
35
7914
210
17
6
1
49632151
1
1
19
49622798
2891
3
5
1
683
3
2
12
2
3
8314515
7810
3547
7937004
1
4919
6
1
1
133594631
3394
389
1
2
170215357
2
7008849
4
15801
1
1
1011
4
1
1
7
1
4
63432591
35551
1
70
13
5
1327610
1
7799
2
2
2
5
2
24
2
4
11
2
10
3
14231
18
312403
5
5
2
24
71649
3
4
24
5
125165928
35467
2
14
11538
5
25
1
2
2
1
446
5
14
38710005
683
1
9488
2
2
2962
1
1
15
249
739
49612891
27
1
2
2985
3
8
1
7934
49615610
1
2
4131055
3
1028
1
2
2891
5
3
2
49620618
625150
4
1
7952
1
45231
683
3
5
5
1
2
4
2
1
55
6
2
16815
88081
7
24
3
21
11341462
1
16
25
1
32734
39197
438
2159894
7
4
6
18
7934
35551
1
57767696
7936991
5
2
3
1
14
4
3453
52709500
13
1
6
8
3
401
4
10889
35551
5439
3
683
18768513
438
2985
3384
1
2
25
3
11
1
13
2
7
38275086
3559
7957
5
11
12644
683
1
125417
7952
18012488
3
1
56469495
3
5
49642998
5
9
190057739
49611784
3
7937019
1
3
10
9
132122850
2
5
7048
5
5
12
64382805
2
2
1
369
1
19
5
96614755
324
1
1
4
16
87965
13559
1
459
4
3
15
1401
625170
3
34680315
2
2
20
7424
7943
101106006
1
1
2
2
12
2
35551
4
5
1
2
7
16
3
1
1
54443
9
11
4
1
3
7
12
5
6643
34683
9020
1
1
23517
2
1
5
663
90103352
9
2
35551
1
2985
2
16
2
67960
7923
18255
52126647
17
5
5
52127217
18
11
38275228
7
4058
2
20561104
2
2
7924
1
11826081
2
13
49642779
8
3
6
1
108
1011
2
7914
14
4
7
8
198
4
5
4
422
12
5
4859
8692
6643
38339359
10627531
3
3
171221
62503476
822
10
25
80647567
4
1024
5
1
4572932
25
4859
1
190074035
1
11818155
33
19235207
5
4
502
2096
1
3
6
10535
5
1
60861461
2716
12
44576
21
4
8
2
4
3
5
2
4
1
2718
4
7937003
12307
7
22034
2
5
49618048
6643
1
2
5
31061614
5
1
40228122
2
1
3067
4
5
17287
803
7920
2981
1
25
7
25
6645
17
7926
20
4
8
2
49644701
37
683
9
4
2
244183
1
2
11339082
1
26
2
5
49612617
56181
25
2
1
1
3
4
10
21
8
5
54133
9
12045
2
1
18033792
56179
179085
5
4
4
2
122383952
1
53
267
5
5
70570
4
7799
683
3
5
38007
18
7821655
49611800
5
17
3547
1
68920092
4
1
1
8
1
2
24971586
5
1
11344792
6
27
1
57314
1
152072
3394
93470395
2
1
49626527
1
1
1
8
2
5
10568637
5
2
7940
14
1416353
3
8114
49605906
8
40168470
6643
64810
25
15
35516
1
3
7
1
5
7
6
11309
430
5691
16
38812999
7930
180
2
7061
82392213
7799
2
1
5
2
9
3
1
17
3955173
12365305
5
4
13540
5
7008849
1357
1
6
1360
10
1
16
13
9020
4814
1
9
1
2
1338
8083668
5
5
7
1
8
428
3819470
4
2
2040
4
5
7
157
29
5
22
2
7802
7945
4
56756653
1
5
980
18012652
852
1
1467223
3
683
1
8239675
4
2
1
7488
2
16
5
190005627
28467
64090613
1
4
2
12045
4
20
20
1
2
3
1
9
1
182999
1
5
6214
5
1
2
1
1383
1
4
25
3
14
1
5
1
1
1
7816833
1
17832
1
14
37259703
1
2
4
4
62828
8478
2039
1
31971
91
12
1
5
4
1
10490
1
49605915
56145
36998
1
28
4644
15
2
7
5
5
72
14
860
1
13
40168476
5
13
5
5
1877
2891
60
5
18137
3
4
49153287
2885
40168492
7942
62697756
7916
5
11822680
309
18
4
4
1
48598
12045
7917
4886
4
13
29671
2
17
2
18012613
6643
1
5
18073126
2
1
490915
18
138927556
2
11
5
1
38149141
49642719
1
1
37
5
15
4
52127217
7
7937000
3
4
2160234
36
83102672
14
2
5
15926
49588823
1
5
3
17
5705
1
3
5
6
8
11263993
18610674
7050
2
5
4
13
3
54284155
52126647
1357
5
2
138067710
4
2
38735421
12
1
5
22
1
5
101127607
639164
5
34626
2
1
40738311
3
4
2
3741
4
96614775
1
1
2
3
2
5
2241
15
5
1
2
2
49252514
2
2
49642379
330
3
20
7953
1
1
1
15
1
2
2
3
1
35454
5
2
1350
2718
1
21815047
1
5
10810656
475529
1
2
51
2
2
3
1283
1
8753
49605915
2
1
3
57867
7965
49641382
10
2
71466305
3
1
6
2
16221
1
53986407
49315306
1
14
12357262
4
17832
11
4
2
1
7721805
67859641
171
49642378
233296
1
60
49612553
15
7920
2
5
13563
1748034
26
17425
1
6039604
18041827
49642776
7
98587916
89140252
1
30
38299992
1
8
5
2
6643
2
5
18
4
5
19305
30
1
4
71871465
8
1
7936990
12
1668
6644
35508
49620750
49578456
3
2
16
26
31
2
3106
8
12
11377729
8786
860
9
3
5
1
20348
1700
1
49605931
1
1357
4
5
7937003
7799
1227002
4
8314594
1
1
9
2
35649
14
319
2
5
5
72851053
34
20
6
1
5
6
6
32
1
38735421
6666
1
35545758
3
5
4
4
4859
3
8
4
15
2
8101414
1
1
4
2
1
5
2
679
1
1
6
17
9
1
41511
13
2
1
9
4332
1
5
35551
1
49613571
1
1
5
5
2
1
5
3706
12
282
47559
1
2
2246
5606
178866537
3
25
10
53986251
3
35551
2
35453854
1
38767622
2985
8079
2110
3
13
2
2573142
2
8
8
3
22
35551
190020003
1
2
2
18012616
139730
1
4
20
1
24578
13
12
56732895
3
3
6875
3
1
2024
2
3
1
7799
1
5
9
17432
35551
509
5
5
4
1
12
1
7954
16
2
16937
1
2991
5
5
7
1
126
6
5
53549
3
2
3391
2
16
4814
1
2
1
23916891
1
2
182999
38285
143194753
39
6
5
28
1
49625352
1
7930
2
5
7945
2139
1
948
11812254
1357
6
2
10170676
7915
11173230
105155
7936991
5
2
11046
7919
29242
2
35024
11
4
438
1
3
2
16
5
21
328683
1
9
6
133575113
26687927
45
2
2
2
1
11986
2
1
8
2
96614764
1
6
8
656
4
1
8
14
2
1
3
46769
72817247
2979
286541
1
1
93750588
5
1
54
41
4
1
4
5
1
2954
1
23
429
5
96452
1
4
89807
5
18
5
17932
11793561
26
1
14
4
5
5
2
1
11305
2
3
55713
16
8
7925
5
26687937
6
5
4859
2379
2
7969
21
2
5
37792
31172
1
2
4
4
2
3
10
21
27675378
56935
1
1
1
69
1
13
3
4
5
49467337
101141547
7
5
2
4859
11
65339557
1
4
19
2
3
1
1566
8
184657
9
20560782
1
4
4
2
2
18
7924
57085474
1
1353
16
16
57943
2246
49612551
1
9
2
4
6
472
2155
132124957
5
3
11844897
1
18126070
7799
4
4
34
45136
278
1
10914
5
1
2
2564
5
35551
2
2
8
6643
2960
4
3
12
50045319
418
2040
1
5
40737816
93750614
2
6643
16
11934
1
683
11
1
4
5
96614755
2985
5
47568
6
19
13
1
49606259
49618048
1
1
1
2
3
3
28
159558
6
4
1
32
3
1
50
35551
7936998
10179
13
1
3
124035489
4
7915
5
1
6643
35551
30
3036
2
3
35551
12441
22
5
2
1
1
67
1
8
5
18041822
3
5
3
1
35551
1
6
1
52126647
6
5
8082972
5
20
1
15
3302
3
22
16062305
1
5
6
2
49609857
22
7932
38
3085
14
3
2
1
2
1
5
37
341
34616963
11367551
3
4
32
125
6
49615610
7934
4
5
341
2241
1
3
54
40737812
45136
7751
49642719
7929
1
14
2
2
6643
49614250
6648
13
49115241
1
10
17
1
2
1
15
2
4
5
229
6
855
14
49070806
1
52
1
49629435
1
1
7646
5
334002
49587616
1
4
1
16
784
21195
1
19
3
8259
5
49642778
20561106
33
2262
15
5
42713
1
57
5
2
4
7
18
3
1
11
860
4
2
10918
17
1
5
7077462
7886403
1
1
25
7936989
5
18
2
5607881
21
2
5
5
11
6639
14
162
1
13
27086
21
3
33935843
5
1
5695
1
346
10
8328454
683
2
49642378
1
5
14
62501224
18012639
5
1
8
2
6
6643
3370
3
2
11988
1
4
138220791
1
7916
4
35551
104699
506816
9
7920
2
7008849
14
32115046
1
35551
1
6
1357
259
3
2
10
790
7799
2
40168526
163
1
27351
5
1
5
1
7
7936989
5
3
6509
3563772
3
1
54
40491362
1
1
1
7926
1
6
5
3
1
1
1
17679
17
1
7923
625203
8066
3
11
21
31127
2
5
849
26
1467232
56741264
1
92915608
5
18041836
36746
17
16
1
851
3
6643
43359
2
2
19
5
7937017
2
7924
70570
1
9
2
2
21
3
3
224
2
1
1
5
2
2
182999
1
683
6
3
28134
40737815
7
5
12
27463
2
18034788
35
7
8
49641382
28
18147
18
9
50
1
1
14
855
29145
5
1
7924
4
4
1
8
2922774
5
3
190131008
19239531
5
6643
7914
1
7751
57334
2
21
2728
4
3
7223602
4
14
12055
2
14898
18
3
7801
3
4
40334
1
3
1
5
33642158
1
10918
10
683
9015
7936989
1
8
287
6643
5
7923
4
8265867
3
1
35551
342
23393
13
36
3
49614159
7961
2
1
1
1
1
3
264
3
1
7935
5
2024
1
15
33003
190
6643
21
17
5
101310
11
1
15865
2208
5
2034
29249
7805
4
21325
2
929
1
257
5
495
2
133675049
2
7959
11
1
1
5
1
18
2
1
47570
1
49621973
38273189
57335
1
21
6
10933
31
3554267
2
2
4
841
15
54375
6660
9703
34
2
43
645
2
29145
23
17982
6
1
38767626
683
49642778
1346
5
5
34582199
52126637
1
10
412
1
28477
87125
27
10
2
11
49641382
41
6
3
2
10
1
1
4
269
8083088
1
24
6643
4
5
49618048
8
1
50
10
1
5
342
1
437
2
7051
7799
1
7
49608675
22
1
5
8
2257
2
1
16
22
11818155
1
5
750
67076108
2
12
2
4
11751270
15
7936991
445
40172178
7
178
11812254
11
2
7
122365197
2
27
7923
2
5736
6
11532
5
6
24551393
2
1038
10
3
7944
30
19
42919
2
3
1
5
108322
5
2
11
34713740
759
49642994
8
38821805
4
10
7947
2
535967
514410
6
49642719
42688
1779
190019986
2
4
2
1
1
4
5
21
5
18300
2
7
1017
5
2
11
4
2
527
5
7918
7937011
6
2
5
28200
9
55533871
267
4
5
2
18066350
4
129
5
2
8
3
8
7925
11367887
2
16815
16
32074664
3
18140
1
6
4601946
5
3
1
10
5
30
18
9722
49630703
5
2985
16
750
5
3
5
5
16
2
18073120
2
2
11
5
2
5
216
1
277
2718
2
8083688
35
1
1
2
6
14
40
2
2
5
49605913
5
29
9
1
35510
49587951
109
3071
2
5
49642047
10568644
49
2
2973
11818152
4
14
5
18035579
2109
1
664
5
35551
343
1
14
6
4
49642780
2
1
5
40737816
59154
5
49614650
49605913
6643
1782
1
683
47579
7008849
38709996
689
7841111
5
23
605
28438289
1017
3741
28
2
5
1
4
2
1
9
2394
2
22
18041831
49612951
2
5
5
47553
5
1
7
49605915
1
5
62501412
1
11347896
1
2
607
10
11
3
721
10
683
1
1
2
3
30
3
12
11897
4
8266055
2
11806022
8
2
1
9
7071
22
49616291
5
33
303
3
37169519
7946
12
1
9
27587
7
115510
6
70550
5
5
1
33003
5
342
13
22
2
1
38
26692795
189100767
2
105155
4
44
2
1
22
3
39
12751
1
2
1
4
29
78284
35454
58
1
65689
7955
26
240
1
1
2
24
5
2
7950
17
8
505952
6
1
11
1117
3
5
5
1
19
45537684
9
1
3
59149
78
1
11
4
4
96614763
18041843
2886
2379
49642719
2
5
115725336
12878
1
4
6631
7921
6643
49580157
4
14
23
1
2
35515
1
60
4
16
6635
7
4
1
342
34
1
5
4
12
4
4
49587618
18059461
302
7926
45152
5
1
7008849
26
11803658
3
37
5
10
1
5
2
11
4
1
1
1
2
38275167
49642719
1
7
1
5
424
5
2
11
426
5
9
233296
2
26
6
6643
44187
2
49467352
1
11
7914
9
3
5
1
65207
1
2
11
23
5
56405
16
18
78280
2990
1
3
1609
5
2
4
1
11191463
7
1021
148
4
402
4
18615033
2
12
17638501
1
9
87676
1
101
1
1
19
5
5
56
2
13
4
9
14
2
2
11303456
3
182404
425
4
2962
1
3
738
2
6634
34636
36127
6
5
761
6
49645143
4
1
7303
2
1
38264649
5
11
36995
17
15
19
3
6643
8101396
2
8
7
1
4
28809
2
47562
15
2
7
2
9
2
255
5
43
2
3552
170
5
1
2
95375
18761054
1
25
1
3
226
1700
4
5
1
375
18
122461566
732
23036
122542
11
1
56718379
2
93286
5
1
4
2
49578123
101090119
683
49618048
7937000
5
4
37983
1
85
683
1
4
30495
11
2
1
2
16
228
5
49642719
33426
283
70
84
288
26687934
4
63
34
240797
2
1358
850
14
11549
5
5
291
13
8210
56713145
647
4787
5
1121031
38710005
46047437
18033778
8
51449
65
1627
7926
1
2
4
35551
49642775
2
2701
107465
2
4
51
28517
2
54300
2
12720
11569
18147
34582210
7937000
1
5
1
2
8
4
27
2
1
4
5
4
4
2
5
63959357
5
1
3
49605923
37256974
162
6
6117
71632
11
14
19
5
118
16
1
5
133
2
3
8
7941
1
2
3007
1
4
3
1
1
7782
49617368
17
5
49642708
1
1395
11232345
49626863
1355
12115037
2
1
2
3
209
108272315
11046
5
78
20
683
4
1
1
1
18041837
5
1
625181
21
20
166
2
5
2
10
5
49642378
6
5
55645
2213
1
2
11
1
381
1
7963
2
5
1
38443141
5
13
35551
8314516
5
299
294
2
5
1
2
4
1
1
30163
4
5
11300812
7008849
35551
12749885
2
49616291
2
2
5
5
5
14
10
14
49605924
5
34582199
18
5
6
3
3
11
31
5
2
12
54370
1
18991
4
1
4
1
4
5
9
10
1
2
5
5
142278
1
37132390
4
13
8
104
3
204
4
1
5
4
21
41318309
4
6
5
78797
2
2
2
261
4
1
38735421
1
15960171
11340102
751
1
2
103
63062915
5
69951096
53986247
468
34409
7
65692
49614650
1
90487884
5
71619
3
3
21
7929
1
7936989
3
250
2
1442
683
122546807
5
10
86158
5
3
678
18041859
35551
12
2019
36
2
1
7
7937010
9
3
1002
49616690
7008849
1
48
8
1
9
739
5
16
4
38264649
1
49605915
1
18012663
2
5
18
12
5
16
366
5
5
1223
2
56
683
93
2035
2
1
24
37004
9
1
1
2
1
294
28134
4
2
57473103
238
2
5
2
2
4
2
683
3551
1
27
8
34582210
14
52285
4
1
38
35551
2
15
11
40168476
8
33156
6
5
110
65680351
5
1
9
2
1099497
49613140
3
10535
3
4
2
1
34582199
30881852
11
1
2
14121
56711835
1
25
1
38709914
232
1
4
1
33
1
5
5
29720
80650242
1359
10
5
3394
4
18012645
883
2
1
7
9
2
4
3550
18042665
4
40172211
1
2
11339422
10755963
8
2
115
5
26
16
43068729
1
2
21820
1
49617987
51907
17
1
40340
22030
6
18041826
2
1
4
12
1
3
5
1
26
56756649
5
775
5
68133011
49617986
1
3710
1
1
7
15
2886
11300691
2
2
9
5
2
5
49614250
21464434
8
3710
7051
11229812
12
3549
2251
1
12
359
14
5
2
2246
739
7
10
52127217
1263
1700
8
30
9
1
16
1
5
1
1
26184
8
1
1
5
5
5
11
2
5
104675854
10
7077468
18012657
1
4
1
3
43239781
2891
5
22954051
7
18992
1
7
48667816
40168476
153
56490112
12264
2
5
6
5
4
12
1
683
11958
53986251
2
40491366
1
10
5
184
52127217
49618048
35505
31172
5
6
5
850
427
2
1
4
538581
52127217
2
6
5
542
3
22769044
18034876
7937003
21
1294
29575824
4
11756
8310241
3
5
8
1
5
2
33
15
1
7301
1
5
4
45
17
11
13155
1346
15
7927
2
2718
19
2
9
94511181
12275
543133
1
2
2
49613140
5
33104
3
2
13
2
7
14
47553
1
5
5
66
3007
4
5
1
49620746
7808
12
4
5
35551
1
12357
1611
1
5862
1
2
2
18
49642772
142278
2
5
2990
5
92
2718
182999
31185
22
49642719
11532
5
6558
5
6
27673139
3
206
5
133567705
42
5
11171793
1
10
2
1
10
13
16333
10
6462
119272962
18051074
21
49630030
2
31933
2
12
4
1
1
2
18
16
1
49605914
105233
306
5
4
1
300
49642779
142278
2
2
4
4
1
17
23
13
10
5
1
5
1021
1
12
2406807
8
169
1
125177533
3
1351
1258
17980
47572
93264
8
1
8083667
12
6
2
1
5
18
15
12
1
5
4
1
2
12355704
5
2
5
18
2
5
6
138
2
2
2
7008848
49642718
35514
22365
3
30
6286
18
14
2
11
5
10
5
14
15
2034
166
2
1
5
86072
1
37
4
30289
18085201
2
4
6
4
1
29
49585242
1134779
5
3054
7956
7
3
10996008
5
5
9
3
5
2039
9007040
40737816
11
4886
13
5
18070024
4
9
5
11
1
5
3
860
99
1
4
1
2
5
5
5
36126
1
45683
35551
13
12
7
26687937
13
9
6
4
5
1
11
8083666
15
23
4
1
35551
5
41691
18012631
2
2718
2094
5
1
1389
5
6586
1
3
32
7799
742
6
2
7
11337720
2
8
5
1
1
5
47384
399670
1
1
18025962
4
18
1
10
2718
1
22
35551
5
1
1
1
2
425
5
49618048
4587444
1
2
6674
38286
1
6
1
2
18
12
1
35510
3
5
23466206
49642719
1
22758
18059511
8
51192991
6
49614590
19772400
16
6643
5
49612584
5
5
5
5
1
70570
2
2
5
3
343
4
37955
5
118251734
14
1
7666
6
2
9
1
37744
14
4
101403640
52126639
49608688
218053590
11794087
2967
1
35572
18
5
35551
1
41847
5
1
227129
9
3
4
11
2
1
2039
49612232
5
1
4
4061
2
1
4
2
6677
6
2
4809
11046
3
11818155
40168476
2
190065273
7
52128234
13
122445012
683
10
14
34
49625352
450
2
49614159
1
5
11
8
36
2
4
28
668
5
11
45790869
471
2
1
1
373053
4
57063
1
430
1
35551
1
18
6
4
133621043
4
2
3
6
9
1
11363089
49607607
4
49618052
2
1
66889370
3
2
65665
7
1
12
2
3
1
6
49642719
1
13
373053
1
8
25
40
2718
1
2
18
2
18
93707149
4
3
5
5
25
1
24
1
520
18012504
2
35519
49642718
2718
5
18
1347
2
3
2
5
4
15
89117921
1
5
18041836
3
40168474
18076670
3
4
12357241
1
5
13
51911
1
750
1
35524
49577100
2
7
19
10
1
6298
1
4
26630500
1708
63788732
1
6
5
35
5
27704
683
29
5
10
1
1
1
27673135
10
6643
38710003
6
23530
17
2
49642719
1
7
25
2
5309960
23
27
1
12
3
57114
18075371
24
33003
5
8283978
2
7
11
18076218
5
3547
3
1012
1
1
2
2
1
1
38767625
62858
49591357
5
38357009
49618048
1
1
233296
7886403
3715
14
2
35551
2
1
16
1
3
11818155
1
17
5
9
182999
10
5
4
5
62499779
2039
53986249
4
38735425
7937011
4
5
5
5
799379
38735421
49613140
313
10
17
14
3
57233
5
4
1
27
513
1
3
49642781
14
1
91945
2
3554267
5
2
5
34
11033979
11260
1
5
47074420
5
898
10345
2
19294030
5
7936989
134911929
10
2
5
12
18
26
4
49890
7
6
4
1906
5
40168483
10
93469211
32352
1
1
4
5
3554260
3
8001828
10682794
5
14
1
45370010
16
1
6
7768688
3
40491362
30492
5
5
5
2
6
4
3
2
36995
5
49608688
11197195
14
5
8265669
3
2039
2
5
49609779
240803
1
1
1
84
1
10326
726
233296
5
565
3
1
6592
5
10013
2
45612
36411
3
2
72884247
9840
63261
1024
5
29145
5
101146074
4
4814
40491362
14044
126992873
7944960
341
18
5
5
5
6
4
14
5
4800
3
1
10
12
29295
11
10682794
1
2
117121
24757
99609
2
49644749
96452
1
652753
15
8
1
1
4
398
4
1
5636842
1
5
16
2
5
1
1
2712
12
1
8
18
4
11367567
8
125120280
1
5
5
27267550
5
1
5
798
2
2899330
24
20
2
16938
49890
34621
9
4
7921
1
12013
7922
2
6
1438
7960
49642723
4945851
374
1
41
9
24
3379
2
44147
49616898
2
18
3
1
1
5
5
1
147
63047
5
340
12
28
1992
3
5
1
5
2
104650
987
8
6
19
6
683
4
1
4
13
425
11130167
8460
5
7936990
49605915
4
9
3328
9015
1
26
15
18
11340102
16
11
1
121491619
36666
5
12
28
49644749
6643
5
1
2
1
1762
1
1
9
5
3
14
16
18076729
2
1357
1
9
7
1
1
18
1
49607981
7944
49617987
4
7937005
6117
65
21
4
2431053
1
21
10478
956
3
8289
1019
4
29233
676
1
5
18730766
38379168
5
11
5
683
1
2259
4
47575
12
1
2
4
5
38358728
5
72197475
17986
11
1
15930
5
2718
3
2
41839072
83312333
32931997
93469226
18026858
16
75260812
68
7816834
6
2
1
1
428
50
1
7
4
12006
1
1
4
134916749
49607256
1
4
12
1
2983
2
14018253
64202
3019
7937013
1
2971
1
7931
1386
20
532
5
7929
3
227612
5
1
26687934
3
33
6
4
35551
94
1
1
29249
5
5
55788949
1
26564570
18041870
2039
2
2
2
15
16613
1
2
1
37259702
49642777
2159897
772
4
1
132
2
3
1
72879489
2
61828
23
4
23646
32
40555807
4
18
8087393
2
40168526
1
2
4
23
6643
49621973
5
468
221
11
1211
3
56180
9
65676
41328
1
49644331
2850276
1
6643
6
11
1397280
315
49643795
49642775
12
61
4
49605913
9
3
3
5
40168476
3
18016469
2
4
5
807
3
313
46
6117
3
1
1
7
40999871
525129
5
2
1
1
7
9582781
3
7
1
18067245
5
15003
7943
559
35551
43641308
14
1
7936989
18
18026838
4
3
4
7
1
3
5
2
2982
2
2
3
29536
18
9
2
49115234
7926
3
9
1
2
8310558
1
1
3
3741
1
65716
8083305
5
7
4
5
24726
10690787
30492
8
3
6
7
2
5
3
69852
130
23009201
2257
107447
1
27358
54921
6435
11
36
23371
25
1
2
44185
2
14171
20723188
1
10
3865
4
5
6
16062305
1
37792
2
258
1390
5
2
10
20
45530547
5
3
8
26
2
10
4
16
1360
3
5
2
88109
1
2
1
5
5
6
1
3
7963
36716
1
5567
22
1227
2
73
71628
1
2
40172210
2
3
1
1
16
22
1
2
1
1700
2029
2039
2
2
6654
7
1
45278
195
10916
125180294
16
20
15
2
25
683
5
44394
163910
1
5
49708795
1
49614590
6
2
49642776
30
1
4
5
4
15
6643
2828
19
1
49708963
1
19
4
2
1
2
5
309
7944
1
2
266
2
49608684
12
11
1
11793340
2
1257
20
12
2
17
49642987
130
1
27609958
13
37256974
6
11539
16
13617
2
11803597
352
315
17538
1
24
7717368
2
18
20
8
16
45137
10
142
142
5
3
11002
233296
49612893
1
18
2
2
29
29
1
20
233296
15
3
11
2030
1
2
8
1
49616898
17
1
796
736
2
11532
1
49618048
35551
14
683
445
2
7
52120
10
10045
63754532
95476526
49618048
13
3328
1
7951
13
24
498
1
49642987
10
166
44
340
5
16
125176128
2096
5
4
341
36735
8
8324178
6643
14
6643
3
18072155
1480
49454124
1
1
14
6638
2718
12045
1
34711399
6645
23
11
5
23643457
132
1
3
12
7
1
5
1
4
5
1
16467
11369238
1
16
1
18
2
46
1
6
1
4
5
30
2
7
17
11822680
9
20
24
6
2
3037
105159
223224877
3
3
5
7
16600
7
16
10
6
7128
2
2
6
6
49621036
2718
855
6659
761
235
8
49621029
944
596
3
1
155928103
6
5
29
12
2
8323056
179085
1
683
17
1
32
18012504
11155572
1779
4
54291063
35551
1360
9
4
683
31
5
5
3
1
2
7762850
2
2
11
3
1
5
10008
5
16
7008849
5
28
329
12
4814
1
18
5
1
715
6661
4
2
7
49709741
17
183024
7
5
62491106
56490112
47573
11818155
1
8105729
8083186
2
3710
5
29040044
5
19
18
49620758
3
35
12
40172185
38735428
2
7
13
5
16
7937012
59154
17908
2
3930447
4
9840
17
2
30
5
2416653
5
49618048
46244
5
1
2157011
19
30
1
5
10
7
1
1
3
2
29
1
750
38264918
9
1
5
3
5
5
11
3
3
139
3
684
41
1
43450
8
1
5698570
5998
7751
6643
5
11173228
6
15
7936989
5
3
65702
49642793
3100
2
1
3
3
7919
340
8083056
1
3394
35498
17
5
49644749
2
2
5
3
21
11
1
2
3453
111691
2718
6644
2
10
1
1
2718
2
2
15
13
5
26
37
49642719
1
854
2
5
4
7799
2
2
35551
2
22
850
57785
35551
90471371
2
4
15
13
4
9
5
60
80565534
3
1
5
7
850
24
115374
3
1740117
30132189
1
2
49579483
19
1
41
58939
2
15
2
1
2
7
3015
4
12
7936
1
1
2379
49577437
7
2
11801824
18074235
7
16
7314
10
5
5
6
9442
11
1877
35551
32
49609776
1020
2
49605911
4
370
5
49642777
7008849
4
101
1
5
1
8
1
25032
5
7
2
4
1
1
2
7
2718
31742464
162
83327440
1
49642775
1
49642728
5
13
5
51803
7964
3
8265776
6
11
38735453
8433
7
295394
4
18
5
26
21
3
11801840
5
32
5
38275907
1049
3
3
56630
2249
9631
49612617
3
7
1
21
16
6
9
1
4
2
13
10
2244
40473
11181406
3
1
4
57995987
2
15507386
2
1283
1
25
190006734
1
3554260
5
30759671
8265992
307
7
7969
1
5
18
22
7816826
1
18035577
2
1
12
1
1
11
4
8
2990
5
35551
1
24510224
1
41422
55
8
3
1
29
2
15639
11
508486
11240156
1
20543
55
7931
652792
21
850
2
231
1
2
6
8
1
7
42501978
3
38358728
12
4
46
2888
6553749
6
53986251
2159896
5
1
6
7
8
5
1
2
9
1
15462
2705
264
18
56637
6
2
24379
18026677
226
21
1
2
980
42433
4
1
1
1
4391
3067
1
4
27
2
422
2
425
10851
5
3377
65
190057776
4
1
5
2
6
5
1
5
401
2
5
12885
49623064
184
18
21
4
1
5
7
38
5
8
7916
1
1
4
9
9
12
22
49605912
9
5
1
3
16
7936990
1
2406809
101159694
1
4
62501405
28
1
143188173
2
1
30
7516317
5
10
10
6
18
4
1
2
19988
26860
5
1
18
5
49616969
4
2
123529
4859
31182113
2
30273418
3
1
5
5
49615962
6
2312
3
5
1
49642715
2
9
18067238
63432748
2
1
1
1
49577437
401
35551
3
9
11868371
13
28
2973
15
20
56582098
2
18
12
101147268
14
1
1
14
1
2027
5
2
1
60018
12
49621030
5
19
13
10
1
1
1
49630703
24
1
15
5
2
11333651
2
49643628
3
39
56611
31
18180
126
2
2241
1
6
7
451
1
18075372
1
3
5
2718
10
5
7
7
5
1
1
5
2384
1257
7933
8
5
4859
755
1
1
62859
6643
14
58
39285
162
6
4788
1
1
21
1
2
18
2
15
49616898
2
49605903
4
1
1
3
4
1
1
49115234
7956
2
18
55234
18
683
1
1
5
1
2158023
6
30289
1
12
30281
12045
7
7968
2
53986251
36
2
7670365
18
1
2
5
58
13
8
2
49605915
12
5
10
3
2
1
2
5
2990
7736
4
12
8097169
26
49614159
5
6
35551
22
134
1
5
2
18
6643
1
18012649
1
20
4801
3
25
4
1
17
27683170
1
16
5
4
2
2
5
5
2
150
2
1
7751
22
49614159
4
31
1
1
3
49626891
4
1
10
1
3738
15
1
2
3
5
170834
32
2
49121561
32
190057781
96614748
40737816
42912
2
1
14
49614250
3
12
11
8
5
49642786
63952
58
156
3
2
54563781
314
1
1
3
29007
1
38249
3
18012630
5833
23
1
3
2
12
2
30160
18004542
26
1
4
47923568
3
1
49575740
5
2
1
7
36
12
5
2
1
121343
5
14
4
24
49642044
10528
5
2
2
485
17
5
2718
5
25
1
49616359
683
8
30
12353
83323941
2
5
40168467
8210
10
1016
26832676
2
8101388
6
7216134
1
4
2
11
10
41
35551
625171
1
1
2718
8266003
16
2406807
2
43236849
5
10
5
2
2
4
5
6643
2
720
8978
8
12
15
683
1
6
2
5
8786
23
328
11
51897653
80348
35507
2
1
17
9
3
683
1
2962
8097172
132114205
52092
5
60680394
1
4
47562
11803604
35551
9
1
3551
5
17
5
2
5679
595
1039
4
2
4
14
32
13
1
7937003
17
5
5
22767
3
1
3
2
13
24
2
2
11367887
5
2
55734
18043873
1
5
2
40172178
1
49623408
3547
8
8
16
29
26426
1
3
4
2
62446872
1
7937000
18073131
38382838
143221474
4
3
5
1
45830920
5
21
4
8101356
428
2
23
5
2
4
12
40737816
10
4
1
2
2718
49607262
457
49605915
12
19
1
4
1
8
23
49618021
35551
49644754
4
2
1
34626
6
5
55
6974
5
65670
18041822
3
17
22084025
11
4
16596
2982
6
7
2
3
2
49642719
1
1514
18076679
2
23
42
1
4
2
2
2
5
1
1
3
7
6
1
33
7
8
1
2
16
5
49632831
23
1
5
1
27981983
18070021
4350
38281328
14
7936999
5240
105
8210
4
401
35500
40929486
5
5
56711821
7916
4833
13
4
47564
11
279
10778
3
2
9
2
42715
465
4814
12
13
8
5
342
683
10
64122
20782023
9
6030
4
342
6
1
1
845
1
16
2718
2
49580156
6640
13
1
12357236
3
8101381
11524
2
1
2
8330
4
13
9
8
1
1
177
11
1
5
13
92
33738933
1283
11230513
5
2
1864
5
366
7657327
31
4
3
3
25
11
18026853
2
2
5
2
2355
2
2
5
16
5
3547
6
5
2
5
57017
6
49605915
1
13
53438
35551
14480
1
18
18
5
12
297
9
233296
5
1
4
2252
1
1
5
2
9563
18026678
11330878
65
49642719
2
49611786
7751
46
7
18012621
8083088
2
1779
4
249
1
3019
1
5
15
2
7941
5
32
1
2
4869
5
12
5
4
4
1
117769
780
49591363
1
3
2
49642726
8550
23
3
2
1
2982
341
5
2
1
49644749
22
8
1
4
3
1
2
18
58
15
5
10
5
6
21028
3
49642719
6
5
17986
2156
5
20
5
69
49586257
2944
6
35551
850
3
5
2
2
5
1
46
2985
109
99609
1
10
40492730
28059
10
101399872
6643
1709
64489689
49642776
2039
49608688
22166
2
118858484
4
1
8114
5
49614159
2
14
5
1
8
14
2
5
107523127
2
1
9
1
17
1
21
1
68352717
6668
49608683
873
5
4
2718
8
7
36811
27673140
14
3
2985
5
1
11
1
17
19
304
5
139
1
49617986
14
17
2
683
14
2
49605916
6
237
336
11406
4
301
5
5
1
6238149
8
1
1266
2
36704496
7008848
7
1
12
222
2
2
2
38339359
2
3
14977706
23
2
8310458
14
2
5
5
6
18041711
1
10492
233296
4
4
13563
28
401
1
539084
3
6
7
533680
2
2
16
5
347540
5
1
5
2
1
1
499750
34582210
122376902
2
38710003
2
33972
54291063
5
36473398
6
2327
852
2990
12
49618048
446
53986241
8310247
3
5
3
11
1
342
17
5
1
1
28827
10
7935
49609779
672
5
11
92
1
5
12357262
5
4
13
1
14
2
3
8
2
38264989
15
1
11
1
93707149
5
49709575
2
4
49576764
5
854
22
1
40168468
3
27
11033879
35514
35551
29269
1
10
5
49642719
13679
6
1348
2
11
2
100037755
7
49620912
6
683
1
18041771
40172186
2219
2
11818155
14225
33
29
9241508
2
49608686
18004538
49605915
49621383
856
29249
1
1
4
7008849
49644339
3
2
3736
24923
6
7008849
2
9
20000
2
18004528
858
3
1
6
1349
4078
1
1
1
1
1
3
10
49616690
2
1020
3
14022754
2
1
4
11
7424
1
18026821
4
190069076
5
34
6
7
5
1
14
4
10613787
2
1
14
18041826
5
336
56198
14
126
40168521
1
49608686
2
5
125174841
1
1
3756
1
7937000
49616898
7821772
34716241
4
49708185
49616291
19
1
8144868
11556499
15
1
1
19
212
5
5
4
5
3
3
2
8
3
683
90607162
9
1700
1
12
797
60
49642699
49618043
13
18
4
2
2
21
22
1
119
1
5
1
49709508
1357
1
4
11169460
32
227043
2
2
3
9015
78288
2
39
2
10
15930
5
10
5
801
1
13
24308
49642719
1
3
3
49625352
29833026
1467212
30502
16
2
5
36713
1
10097
40491371
14
18025491
186889
44646
1
18067247
3
3
15
49591356
5
3329
12045
24
18004538
5
6
2
4
177494
37260371
2
6
1
23
9
11383521
185
31784
4
4799
1
6184
1
4
31172
18
799
7
49591365
8083668
13554
1
1
19
14308
3
34582199
49623404
62294722
3
19
3
5
40168468
2075854
72853400
5
5
49642782
3
1
1
5
9
87309
6
5
11801794
2
6
1
27673140
35551
19
21
836964
7742
10
5
49625352
49115234
21255
5
11
49459740
1
2
49644749
8310536
4
3
1
434
1
20
16
2962
3
1
60
625154
1
11
2
2891
3
72
5
1
117082808
11340102
5
4
1
10
5
1604
8
5
5
18012620
49642778
12
5
5
5
5
2
103281769
260
2
7008849
2
7
1
5
5
1
4045
1
6
2
3
918
18
3
7957
2
1
49890
2
10008
13
5
10172
2
2
99609
12
7050
2
35
7937000
11809794
5
4
5
182413
5
4
2
1
230234
1
37004
8
4
1
10765
18026678
1
4
5
18860
8
2
3
5
142
4
34
22242864
1
38266022
1
2990
2
182412
7935
19
49618048
2
775
5
31
2
8
49612573
3
15
12
1
38735437
15129
4
2
2946
28503
1420
4
2
428
683
683
13
2
14
1
35
47942806
1
16
6
1
478
53
4
5
80806094
134911921
5
113419110
35551
2
4
6
18
5
5
3
5
3
1
53
21
11
97
65
11
2
10
42138349
851
7
2
35511
18
1
5
5
3
177495
1
2
284
49641350
49710062
3
15
6643
23981
1
153
63432778
11
2
1
1
17862
1758
9
87060
5
5
49
2
7816834
4
18076217
40
10
11
27
21
148986
1
655246
2
590
5
4
6
5
465
12
5
49614590
31
4
19
26
101390462
5
3
4
200
62466872
5
3
230
49642775
21
7751
1
76694
5
5
1
3547
2
5
1
49612572
1
11
5
3
21
5
751
14
1
1
7806
17
10022
17
7
63432744
1956512
7841109
4821
5
4
37009
5
24
5
2
6646
1
1
32124
5
9
12
1
1
1
1
4
10
2
6
1307
5
11
2
5
6
2
16
3
10
5
1
49625352
7
3
503845
5
4
10
22
2
1
652763
12
49575765
323
2
3984
49608688
844
831
3
625170
5
35551
2
37266461
29522150
3
15
860
1
2
2
1
49616010
1
1
28134
481
1
42504
2990
2
518477
4
17
2
9
4
17690
1
10
9
42033
10
5
11
1
11
6643
2
2
3454517
33
3
1
10
5
1
4
3
49594325
4
93750593
272
1
21001
440
4323
25
4
1
4
5
326
2
29007
9
20
5
1
2974
7
11
9
5
3
5
6
3
5
15930
2718
18
49618048
8
96614714
3
1
8
6
6
49642719
49613140
2
182408
1
5
5
3114
1
1
6
7
14
49642719
3
2
2
6643
10
2
2
5
5
530841
49608615
30067729
5
3631999
4873
13
281
4
33
15
5
7077468
2
49647203
683
1
5
33
2
6643
2
7930
1
29233
2
4
10898
2
36723
8
35551
49614241
7923
12
48564
2961
1
34357291
6
32
1
19
11233573
2990
351
3
4
2
860
5
22
11
5
2
6
15
21
38174
1
17
62212933
2
2244
18070020
6
1
1
5
8083056
2
12
2
6659
18
2
7964
13
23
5
2
10
5066
4
2
2
2
23
13
8517077
11
18084006
6
7
10
2
1
2
5
1
1
2
1
18041813
49618048
19
49617365
49614159
5
5
1
98
49609775
135976221
1
11
1
49620746
10910
18073132
49642450
4
32606
16
2
11264000
1
581
16
5
49645490
2
40168526
2
11
21427
7
166
1
2
13
8
1
22
18032634
49612617
32
36126
26542
5
8985194
2
28160
16
7937002
20
2
669
17
7799
5
84168741
1
49612908
2
787375
8
3
5
10
5
233296
6
17781
119607
83331459
5
1
3
1
1788
5
2
1
2254
12
2
8
2
6
4
2
42713
61456
2
2
39
117764
1
21
106656205
1403
5
5
83379
683
10043
1
5
5
5
2
2
2718
2
83139
332
1
2
1
2718
49577461
7
6
40168476
49615493
12098
1700
2
4
133542
1
7310
13942
1359
16095028
10
24717
1
2
2142
683
2
2
12
2159894
5
282
1
1789
27
5
4
390
8
3
33
1
1
49608415
342
208
17
6
2
2
851
1
5
22
152
83330599
1
1
5
49618049
11
38266959
1
18016469
2
426
13
2
3
8289
1
1410
32
7798
4
38264989
5
5
306
7
11848
1
10
2
8265985
1
66
2718
439817
2
4
816140
16
5
3
5
9
653
5
4
34715435
8
1
2022
1
23
1
49629441
263
25
1
49642779
18920
35551
6643
8083668
3
6328
1
5
2
18
21
2
4
49709617
7
6
38275569
1525
1
1
4
3
2
129
4
13
7745
4
2
34350
5
2
20
3598
165
8
5
401
298
7928
25
94369
40402365
1374
2990
52127283
7944
1
1
3
37237062
2
32
35
1
18070012
8310559
34616965
18026851
3
36
12
1
133577877
5
5
20
2
1
680
4
2
7
1
1
6122
15640
35551
14899161
17996835
7
1
1645
38264989
1
17
15
717
14
3
1
683
2
35551
83329168
53986246
5
1
40194275
1
1
1
5
2
4
465
84708928
683
24
3014
1
49642450
5
22893225
2
9
2718
49642779
11377729
1
6
2
49611932
6643
70570
1
31180667
4
5
10
3
64839
4
19
16
1
90469504
5
76905
10012
6
18073126
37249632
4
3
5
256
5
2
1
2
28444269
1
2
10
16
5
4
2
2
33
3
40168471
49642731
429
8
348
5676
4
6
18068235
3066
5
17980
49611101
4
18038833
3
9
35551
5
4
18
22
1
23
2
21771580
49621973
1
49618048
2
35511
7822960
24
5
11367882
414
4
32583
49964
2241
5
1
4873
7
40491362
14283
2
2034
2
16
5
4828
7953
1
6
956
5
725
4
3
49642782
11
2
9
1
5
49585211
8265918
8083186
3
5
16
1396321
851
1
8101402
1
2
2
37004
7
5
48287
24
4
5
3
2030
23393
17
1
24
49644749
233296
29
1
35551
11
1
1
4
1
4
3
1
62501410
99609
1
60682857
2
9
7942
5
49607271
1
1
38821805
15
8676
24
2124
2
36723
855
4
739
2
6867
13571
94723
1
8
3
10613793
2
16
213785
35551
23684321
2
3
22
1126
1
1
6
3713704
166
17536545
9
3
7
49586257
5
1
21
32
1
11
5
16
35551
18074234
227
26100
2
195
6643
6
40
13
2
72
182575
281
11844605
3
58
13
49577437
21963698
133296
1
1
2
5
6
2
101386664
755
2
65
12
24
5
2
14
2887
7941
1
35551
5
1296
1
1
12350823
5
8
6643
18012615
852
25083
4
19
8061385
5
20
2045
25
4828
49577437
53986251
7792
41833
15
1
1
3
30
2
15
10541
59640
3
1
3
3
252
18008
7
2
5
12
1
5
27462
3
20
57694
2991
12644
9
10
49644749
25431
1
37256974
79708
10
1198
3
7657327
1
1
1
2
5
2
32
2
2723
5
49115234
3
2
54
1
1
1
40491362
12173062
1
190005648
2192
5
6117
120
35500
18
22
18012655
760
5
18
8266032
4
5
10484
25634
14
4
26
1
2
16
24
18300
40168476
6
2
1
49605915
17023
19
55
14970
2041
5
5
4
4
4
12
26
5
2
2
5
9
12
18
5
11
34
11
11
1
7
49642719
1
49605915
929
1
22
230
1
1342
11826081
2
6
2275
4
1
6651
3
5
2
4
683
20
1
49622724
5
22
49586257
3
11
2
1
7
21
1
1
2
511
7841108
2384
2
229
2
5
3
4
2
7
134916729
3
81848502
35551
4
2
18010899
6
81358
2
2
9
14241
4
4809
16
683
1017
3
11
5
49115241
1
12
3
2
18076206
8
11348236
1
7
2
35551
5
11193
2718
1
22
7949
1
12
38266350
2
2
1355
2
15
1
13
22
14
19944
4
35551
1
4
6
16
2868
5
7936990
14289
1016
10
3
21
3
17
8735555
336
1
5
1
6655
203
5
36281
5
1
8898
40837569
8265851
56490093
182992
22
4
12
6660
5
33004
2
7921
6643
1
85843830
860
11348238
9
12
2
426
7
1
101360730
28
4
1
10
9
9
7
40
5
3
12552
1
1
8
11365
7733
5
49605914
8111
18076669
8
2962
3
49644405
13
2
1
4
610
9
13
9
49644749
47308
18073105
13
4779
180
36127
49621278
4
2
13
3
49607265
6
5
38166926
1
28470718
1
1
6643
2116
18
4
2
5
3
18027363
49115238
2983
21
2
2
5
1034
29
56626
93755529
5
53242161
39213
5
1
291
16
34411
2
19
2
2
5
7008849
4
36737
4
1
49613140
566
49624147
164
19
4
40168476
15118
2
3
1597
1
1
49618048
35503
5
10124037
2
24873
5
7
10584550
35526
9
2
53145005
4
11172
1
1
4
3
4
1
2
36
5
5
1
49623084
6
7
7751
35551
5
7
1
1
24
6
1
9
13
5
14
7
1
28804
4
49115234
49618048
5
26878992
12
7
1
6
2985
7799
5
2405449
1
1439345
29233
5
35570870
61
34
8283980
295
2
16
2
3
39536
10
53986249
15
1
36
2
3
925
10
20
1
1
5
341
1
683
7936989
3
8
2
189702151
21
8
1
2
11
2990
7922
49642719
49613574
118
14
17
1
3
10
1
1
1
49611101
3
25
679
5
6
5
2
1
2
1
3507
5
7939
1
1
4
1
1
13
6643
12067087
49613140
4
1
2
1
1
7
12045
49612552
34
1
683
2
19
2
9
3
108747839
5
6
7
38
1
5
49617364
2
52
2
19486222
5
19
31820
14
19294030
21028
7821807
88071
7837930
13
3
5
5
48067
13
2
646
8
1
91548942
1
2
4
1
7
18004528
2
2039
1
8
1
1
438
6
7953
12
4
11340102
18065265
2
10
26449
1
3
10022
2
1
1
2
1
4
2
2983
4
152
15
2
9
29
8101396
25332
20
4890989
3
1
35551
182407
40491362
3
2
16
6
5
26426
11
1
62679923
5
750
7778
14
3016
1
7936988
24734
1
55771
4
5
15
5
5
11
11339421
15930
1
7
1
2
13
18
2985
4
159569
1
7936994
7
1
18
18
5
6
5
2
49624012
4
4
1
6881
12
21527
1
3
49618046
1
1
100976
12
8
1
2716
5
5
1
5
1
5
4
9
13
172
1
10
1
4
8
47
3234
1
739
2
2
4
9
7668
5
12
11284240
90467804
2076
1
138
34
5
25
4
2
29
2
3
2
1
2
5
1
17
5
3
2
1
8
1
2
2718
679
18041832
5
15
18033777
1
3
11
6
2
17
5
35514
7
11621089
2985
290
52127259
11
18324
8210
2008359
2982
7
6
35500
474
1
1
37256974
7763
11
771
761
5
1
2
18012647
2
86
1
15709418
5
5
850
5
1
49617996
1
6
5
6647
1
5
2
5
1
1
2976
1
5
1
2
49607265
15
4
1
2025
1
761
2
9
49616349
9437
9315257
8691
2
8283964
14
1
5
8283487
5
2
14
63261
23
101117722
6
7757
17
1700
3741
1
2363
2
5361
3
6
17
9
2
1
190
49115234
1
5
2
4
2
175
25
38275086
5
2689
38
2
8577
36607667
73900860
38149137
5
8332766
5
3
1
273
3
1
5
11193
30372283
9
20319
5
6643
5
49642719
2
8
589
93314381
4306051
943225
5
4
4
5
2
1
1
4
105307069
89702441
1
5
8
132
4
2
59
6
5
15928
92507
2
7890
6
465
6
7
6
6
16
1
105450
49626871
4
4
5
91796
51911
171160634
3
8
2
2887
1
101351745
5
401
13
6
7933
11351979
113278889
58281581
6933
2
1
3
5
5
13
1
122495786
18027373
24
3
11336709
3741
1
10568642
5
2
49613139
49642779
5
5
49642779
1
4
1
216
29
2
11
4794
1
18073126
6
11532
696
6
13
5
8
1
38369371
3554268
683
7936990
1
13
7936989
1
3
49618048
51867750
19
49679
40168476
2
49613138
2246
1
1357
1
1
21330
49642044
1
16018169
1
5
21
96274693
7
23442944
1
289
19
124
4
2
25
1707455
14
5
14
189784370
1
1027
13563
12045
14
2
1
5
1265
5
6
5
49611101
126465150
8
1016
1
1
2964
468
4
8
49616010
4
2
9
46258
2974
5
20
24
52126647
3554249
683
1
1
1682
1196
101142609
125174855
3
12277
10
1
41932341
29819
2
1
6132
304
1
27
9488
59511
7
2
2
10
28
3
3
49605918
14
49610475
3
18026671
18
5
5
10764
8
1
11
11197195
1
1
2251
1
416
6643
2
93469388
129926
5
683
10
1
12639
6
3
5
1
2
5
1
6
96452
5
1
52126647
56
17
2
5
14
5
33
42600676
56812
1022
2
2
26
15
5
1
49642722
2
4
2
49614250
2
12357239
265
4
8
48889
1
5
2
8134
54921
2
14994
4
2
49642719
5
1
16
4
29
2
2718
49115236
5
21
57
4589307
49642719
42295
1
63882
49607257
224
3
49614250
7066
49605900
22
1
12
4
5
1
1
5
5
51388333
5
1
15
7932
7790060
3007
5
1
2
4
1
27
18010888
106
3379
1
32725
10
20672
1
2
20
7008849
7936990
7808
17
40168476
11801530
18041827
9015
73
13
18077584
16
59156
2
93359507
161120
1
5
5
166
14
1
22
14
2
2
855
1
2
525
2
3
4
2
3
4
11
9
5
1
8296
2
74875
3
4
49631136
35503
11532
2
12235
1
227086
3554260
1
1
7925
18073130
15006
1528
3
21
7
14662325
5
5
2
4813
772
23
18041818
1487
2
13
1
1
9
49614250
1
4
5
5
14
52126647
2
2
35551
2
11
11
1
6328
2
2
762
5
1
3
2
28
7
2
927175
16
176
6
11
2
4
1
2
2405447
1
3
1
2
1
5
3
91529006
1779
4
35551
5
5
49614514
2
12881893
7930
1160
1
49614250
3
1
1
677
1
1
356
1
2
1
23120939
2
12552
2
5
2
49616689
49631872
1
2
3
7
49629432
153014
5
2
4824
9
851
5
31
158
49644739
2
5
233296
23509
1
6
29
2718
36723
37004
8328542
9262521
5
1019
18147
3452
4
1
1
43
3
28134
1
5
860
1
24766
2
2
5
3
1
2261
6
4859
1
16
699
49617987
11818152
1
1
4
2
5
1
9
11340431
8111
27433
4792
12
1
23
1
341
2718
22787129
6640
1192
156
1
19937237
44062737
6
16
5
1
19808319
3
21036
7
1341
5
5
1
2
1
1
2257
6
40737816
1
850
26
26
5
10
15
1397280
5
11806120
11
4
13
88072
6
2
1
4
1
3
683
6657
19
3574
29
2
7902710
71283
452
4
678
37
1
2
100036513
3
22
1
62417354
3
2718
18074234
1
10
1
6
17
1525
6
14
5
53063
7886381
1006708
7
6
2
856
5
2039
54814
4
7
2
70774
5
3
16610
13
1
683
14
178873861
10
5
41934021
64
2
3
3741
1
5810
4
5
12055
6643
13
3
8083662
529
52127275
5816
2
2718
6
1
1
320
5
49620747
8705
4572932
52126638
2718
40737815
4
6
2034
999
18076673
10
5
49642384
5
683
2455
22
6644
5
23
11
1
56912
19
1
2
1
142278
1
6090
141
49611777
2718
2
13
2
104699
3
5
244
17
5
1
7
2
56168
2968
1
5
7
28
20
49708837
22
1
18033768
1700
10
233296
13
22
1
3
464
2
49626865
49608688
2
3565579
1
8279950
35551
683
3
1
11367551
2
6102
44283
36723
2
49708795
1
1
5
15
3
2
14
5
1
28086
6
1
3
5
13
1
8083078
5
1
5
2
40168468
351
1
4
5
25
65637
5
49626863
87287
5
3
1
9
23384
20
36127
42
5
10
1
4
5
78534937
1
2
2
1434
34582199
5
11
3
11352241
17023
1
181340723
1
5
34618
1
2985
60562103
5
190005646
57136
2
3
6
9
2
5
1
40737816
101135736
12
1
3
50044709
1
1
12
1
7816830
8
2
960
5
2
1
149981382
1
12
161
2
26
1
11
15
49605916
3
2962
44432
1
11
19089
49609776
6897
1
61483
75412448
2887
8
154
231581
3
401
2
8
2
49593308
3377
1341
1
2
78234
2039
4
2
5
5
1690
11193
27
68229770
1
7751
1332
6
2882
1
4
12
4
6654
1
2
3393
12
847
56444748
2
35551
32
32283
5
73105
49619919
7
2219
14
5
9
1
1359
5
4
5
9
3415
3
9
3036
19
5
2
1
97
432
17
498
646
9
1360
1
2
1
8214
1
93735511
1
2
2718
5
26426
4
1
328688
182410
518
1397278
7
15
15
6
23
989
2718
17
3
2
10008
2
101137660
10
151
2
1
30881852
10
6
4
1760
1
4
625191
49612800
8
2
8
18
9
2
1
19599
7841107
3
37820465
15119
22
5
1
2891
2
5
5
514
13013419
2
1
41694
21
4
5
11337729
20
6
49619919
3
28
4
6
1100
21811
1016
10004
2
22211965
305
3
476750
18
18041788
49577437
8
96614759
1
1
1
2
16
1
1
5
49644749
7
59640
2022
19937237
7
30163
50230706
4
1
21
2
2
5
5
4
2891
1
82256811
2
7
35514
49618048
44155
1
945720
1
49642719
3
4
133654906
5
18068233
4
15
2
26
29493648
190
97
29040035
9
49627142
7
14
34117409
17983
11
2
11
1
1
683
20816787
27673140
7
2246
17
35511
8083086
2
49706815
11
43224851
2
49710493
5
1
10
5
478
11803608
4
3729
7937003
1
8
49608819
1
90450370
16
12356952
600
1
7936999
49644749
14
5
11
891
683
2718
5
3
1
48399
25
21
1
2544
2
983
1
17807103
18076204
11340431
5
5
25
735
5
3
4347
8
1350
2
40491362
25
4
56742296
1
9442
5
37004
49621977
5
1
2
7945
17
6643
22018
8
28
2
14
5
26832892
1611
10
1
12
26
2
233296
2
1
53986251
11
2
125177614
2
1
90469506
1
1
14586
6643
2
44282
69
1
6031
5
1
4
3
2
2
1
13
1000361
29
3
1
7937000
465
1
2
18057849
23
5
107261
90341061
772
7799
1
1
248
5
5
10
683
6
7
1
20681
1
12095
4
1
3
96452
2
21
2
27454
49618048
49115234
5
18
1
2
342
3
2
13
3
7922
35514
13
2
328677
49612120
4
5
3
25295474
1
2155
252
1
5
2985
5
12
93750614
7
14
8101381
1
17
62010
49585230
49626873
38246
19
18
2
2
5
13
200
683
49642719
49614159
35551
18010904
31
2
2
2
1881940
8
1359
2
3
38299993
14286
49618048
3
17
1
16
5
2
1
1
209
860
5
74878
1150
49617369
9
1
2
2
35551
49618048
5
2
38294
3595
24156143
49
1
1
1
1
455
37004
12
1
49618048
1
4
22
20
4
1
7
21963698
1
4
1
3
2
3
55260
1
1
5
5
2
4
5
5
25
2
15462
21025
1
34
34568569
8
13
35551
801
1
22
342
45933634
57988
13358
19966
60427
30
2
8
2
1
2
1
1
1
18034840
10
13973552
6
6
3
5
44062737
2
96452
35805
151922128
10
1
7752079
7
11173684
7784
5
7
1
1
15
5
66040
5
9
53986249
13
1168711
5
5
2241
1
1
45903
1
15
1
11
1
49644749
11379756
3
7
5
1
27675417
10008
20
8
49582195
14
10765
1
1
2
2
3
7790065
6
683
52126637
2893
791
29
22
4464
5
2
4470034
5
2
32
39023718
2
3
5
1
20357699
49614930
34970
1
1
10
35690837
49612191
2
18012649
18012606
2
49625354
8
1
4
2
14
292709
5
4
8
21
4
1
2
1
2
29120624
35551
5
1
8
2
83331459
15
2
5
1
1
3
4
1
1
6183
2
47988
6
5
50228
24856910
2
3
4
5
47571
1
40331
11190165
244183
1
49618048
4
28823
2
8288211
13
1
5
17
1
40
38279561
1251
5
8
11
5
1
2
112
6
35551
4
5
7
390
38264989
1
27
2
49614250
683
1
9
11
1
49642719
1
3
8
7
5
2
4
4
22
1
2
13
16
28
15
1
6
3
1
1
71403
5
227
2961
7953
6
6
1609
2
21
275132
3
35551
2
41417
401
684
1
11
3
8
10204098
7037
24
5
1
1
1
82529
66
7972
1
9
5
8083080
26
1
4
16
56490112
1360
13
1
5
1
1
2846
6
1
2
68
11818155
6656
6643
3630048
1
4
1
1
35551
2
3741
27
3
1
1
7922
11803604
40491362
3
4
2
1
6659
9
1
2
1
1
128018801
5
26
96452
1
21564329
12
11173230
6
24
6
162947616
672
421
4
3
2
5900226
554816
7
5
1
52451
6
2
2
3
4
1
11818131
7937000
40168479
2718
1
1
2
2
1
252
2
51197474
1
5
35508
49708722
3
49620749
8331026
29145
2373
3
1
4844
1
19294026
5
11
5
5
47553
5
2
34582210
18041830
260
5
1
1
44159
3559
23580975
17
5
58876
233296
49642719
56490112
5
6656
122368824
844
31554267
49446405
10
132826519
13
35
11
5
220
9
14
2
15
2880
3
1
5
1
6
10793
22
49611160
2
4
1
1
1
5
49473514
73392
330
15
1357
1
24
3
5
5
101
9
14028
5
101158540
11291562
1
38291
3
35551
62
3
4
6
1
6006
5
30487553
6
9
40168468
2
16
11812254
5
103445
3
11337729
2047078
5
3333
1
5
1
5
41452
18
5
2
62840
7
190068438
1
20
1
5
1
190029425
17953
683
5
4
10
8288
37256974
12
7
3
1
72047
9
4
2
646
32067
3
2
4
1
35551
331
4
46143015
474
20
1
4
11
1
771
123665638
1
94653
5
2
3
1283
5
5
5
739
1
1
49644749
76801
18041833
1
1
13044
9
48578
233296
13
40169246
1
8
49609838
1
1
168050974
11046
3379
23
454
24
2
3413
5
45903
4
1
23
7757
11
36989
8
5
12
10
5
1
855
106309620
3
122461566
14
3
7959
5
174
6
14
1
2
13
2
11
28848
56612
2096
1
1
4
3
15
1
101171425
30
49612539
18068235
1
1
9
5
52
1
5
16609
18121
15
3
5
683
1
2
1
2718
7940
1348
5
1
13
1
49643395
5
11
1
5
1
4
5
14251
1
3
4
1
14228
3
38735437
18041847
1
1
10
1
2
7964
1
6
3
1
2
43
6643
2
2
49608692
1
7936999
11988
18012654
5
13
35501
30
1
12
49642779
17
83331456
2
12
1
18041818
35499
18012487
1
18
15
8083670
14
6
32262
4
18012616
17
1
4
7
1
31
160
831
35518
4
2
657
80
6455
683
5
3056
9
1
4
4
15320
49614601
472
5
5
14970
2
3
1
348
1
31656366
38275077
6192877
72840288
22
11
855
2
1
11
3912
2
60
2
10764
4
17980
5
41128539
13
5
7738
454
5
82204
7
3
3
1815
1
1
5
5
8
13400
18066598
29145
342
35551
161
35551
22369
9
35511
1
190005650
3
5
6460
21
771
5
39
941
750
37
4
14
8
18035315
3
7764394
3
173
1
2
4
3
22772860
225
12
2
1
3722
19287
9
28
2
4
5
569
18
342
2985
5
49612891
31
19
138
2
2
37
5046
2714
49618048
1075
855
58
1
237448
11793556
5
11
5
9
29
7
6
1
3
5
761
3
2
18
683
1
11822680
2
739
1355
6643
42
4
1
2155
80
17
3848
1
2
15
2
2
1
5
4
49581185
72882194
4
6
40253615
16
1
683
4
5
53701
56444748
1
1
7949
5
17
7
4
2
50
1
49621976
6
5
2
1
49616290
5
1
465
5
2982
35551
5
36
5
20
2
5
2
2981
1892753
2
226354711
1070
9060
37659
1
8
11
14
2043
4
4
7192
5
42
23
2
190044537
2
75771806
11
2
1
9
84868
1
1
9
2
36998
5
5
56805720
18041844
5
1
18
3
94037
10
1
5
1
1
13
3
47761793
1
18123
22
5
19
4
5
1
139677
8
9
27145216
655241
15073
2
18
6
2
2
132122847
5
63772029
14
10
26
56490107
38360948
25
2268
17986
7936989
2
15
38264919
49642718
8
1346
1
35551
11209
18
22
27
2
4
3
13
10
52394684
4
16
2
2
22
2
1
19
5
19
2
1
683
11
1
2
2
9
30
1
18035612
683
3
5
2962
1708
1
10595
49710062
1
2
18035446
796
483
2
65668
93470410
6
18033775
16596
1
30
406
5
7
1
15929
56181
2
1
28862944
11
1
422
1
6654
7944
478
2
2
1
2
2
14
1
1
5
57
18
1
2
1
1
3335
17
4
3
2
49642450
8
35551
1
1
2
18074895
1
1
2
11024
6
206
3
1269
49617365
4859
6
5
683
20782023
683
7933
141
4
18272435
5
683
82512
12
7437022
1
59
342
1
83
7936989
5
2
254
1
49612897
5
1
3
35514
5
1
5
49642723
34414975
18
1873
166
5
343
20
35551
49611532
4
4
101116758
2
10
2
6
53986249
5
7751
14367
1
4
29
1
4
1
3
47
1
252
12
122362122
2
8
3
105156
5
4
2
2
49605916
12
46251448
49612551
7
19
1
1
5
20
2
1
11
3554267
5
9
5
12
12276
25
1
4
1
670
1344
12
7
49621978
24
7
11
49614590
683
218013399
9
7816833
5
14517751
5
2
3
344
5
3
18035983
1
2
1
47574
683
49607265
35
8101381
9
15801
5
13
5
4
1
4
7213084
1
27675406
3730
4
6
3
73
7
3
7821763
148
3
18
5
2039
1
1
1
2
54921
11988
1
1359
2
21
1
4
340
1
2
24
13
7925
30372288
7
1
2
7937003
160607247
198
5
148
52129
2039
12
683
40737812
2718
3
5
10726287
90471370
30
6
7
2
18
11803599
3
49642779
5
749430
35495
12
1
1
3
1346
14
18012663
2
21
13
4
1
12
33
11
10930
3717
4
2705
17
10
1
1
8
7657327
8
5
8265690
5
99
90607154
5
1
14
1184597
5
4
26
7953
14141
7008849
38735408
5
2
338
6
2
1
2
37792
3
17
1
713
2033
5
5
1
1
12
20
56744085
11
49624411
89737
2
56821978
54129088
4
63258
9
1
49614590
2
2
18059461
1
35498
7039
329
7736
7801
3
2
5
13824902
49710441
49708661
2
1
1
24991
2
2
3
5
11286602
5
5
2
24
10
3
1
12
40240
49606255
19941
29
38285
3
4
49605916
18
2
49586257
18
7926
12343140
144
1
8101396
1
2
3
7
35
5
1
4
5
5
2
5
7937000
1
5
3
1
260
2
75144095
3
3
1
6
1
233296
2548329
5
1
8283947
1771
1
234
1
5
10
8
1
21
7751
36250948
3230
2718
7937000
22342
7936989
4
83331459
12451
20668
6
11348236
1
1
14253
12
16679
37263875
1016
49612891
739
3
3
7
15
6
1
461
1
50
1
5
40
1
9
5
14
3
11
49644749
11330878
3
1194
2
2
1
210
2
1
7938
1
1
4
49621708
1
91915
52092
1
10
38295
373053
49642044
8287
2
64364
2379
2
10
49617986
5
6643
1
5
2
2
3
10639
3626503
3
6643
8
49612891
4
5
1
306
16325
37246086
1
5
13
2
1
8
49614590
2
2
1
1
6643
49641713
17
4
38276183
2416653
18111727
19
5
13
10
842
7
6
71708635
1
39
1
7
11
10
117
7
151425681
993223
1473
4
21
2
24781
32
5
7
12885
21036
1
60
2
7
1012
3
5
7
1
7
756
4021
581
5
1
15118
1
91889
3
3
3
4
1
5
1
1
59174
25461
9
2
1
11
2
5
20
625169
985
3
20
14
6
3
4547
11310335
26
5
1
49617364
49577437
2
1
46356
11818155
8
6
18041866
54814
6643
7936989
11
20
122
49642721
1
3
27673140
12785
38137946
49644525
7061
1
4
49644677
792
105450
25
5
8
8
728
31053
1428056
20
34715088
3
7
5
49642779
1
2
70570
24
2
2
2
1
3
5
64
115
1057
1347
5
18
1
22368
21
1
18
249
683
18073140
1
11
1323
11333651
12
17
2379
6
5
90458
166
49643051
31
2
19
5
22
4336
49707406
2
11339429
1
7941918
5
13
2
2
49622384
13851
155652
2
1
14
2
700
4
17023
11812254
11
1
1
18
2
4784
26
5
1
5
5
2821637
9
1
1
2
27
986
7964
17979
10
8
3
11132892
3
2
1
326
26729506
4
14
290
3
1344
3
1
5
28
5
3
2
27
4
4
2
18
5
6665
7816834
1
4809
5
3
18033818
17
96452
40491366
1
22376
19
2
40168476
2
5
2
6349230
35172
107
95111
83
876
5128
88
876
1
5
358
18
166
3
7
40168480
22372
1
6
13
166
135897
6
22
52126647
2
7
3
11348236
8
105221
9
53564
22
5
192
1016
2
4
2
1
2
2955
12
761
2
18073126
7770410
23
27683142
18026854
5
49612589
11
53510513
7716190
10790
1
1
105217
3
17
4
10
49614250
13
4
23131
4
1
3
25083
2039
5
35
178858928
1
5085342
2
49467297
42
6
428563
4
2
683
8100937
8
5
45141
1
15
49175782
119
7
49619919
5
3
10
34665
20
78879511
1
1
8210
1
11818183
3
332
298
1382
26511
2
10
5
12
3
1
5
5
10
13
1
4
9
2
30207
1
49587610
11
5
6
3
3
2
7751
1
3007
1
34582199
8
35495
680
76593
5
2
6328
18041826
4
2
1
755
2
485
7
1
1
2
20
5
3
3
38299994
1
2983
1
2
34582199
12751
10
3240
30
190092936
257
5
64372724
49115234
7
2
2
49089483
49586257
683
2
14
37819379
3
7926
2
49617368
7862693
5
49625102
29
5
38281
7060
13
683
2
76189
1
2
60645
1
41856337
10
1
3
2
17
7937000
23
18036021
3
3
6
5
15
4
49115234
11
3
5
2
7008849
282
1
8
6
49605915
4
49642379
8
94732372
4
18012495
70567
860
3
1
56469495
7
69
41787
5
6654
49613140
5
2
5
122445012
1
1
739
125163558
2985
1
5
49642776
3
2
14
2
49629435
6
13
38273250
8265742
10347155
8
1
1
13
3
1
19899
5
1
3
9797492
2
16
49615610
19
1
1
683
7751
13
8083667
4
3
49617986
40168476
36848
3
1524
33
19239531
13
4
1
6
12
5
14253
8
7799
1968
4
1
22480
11340098
7117
260
3
5
683
6
2
2
4
5
19630
1
15
2
10569
21
1852752
226982
153
683
2
5
2
2
16
2
7515
3
5
5
10
6
2
56002
5
11339422
1
2
2418693
5
1
2
2
8
22
1
9
1
28
11801832
5
6
864
13
3
6
6
1
2
1
16
18026656
21
18
18070022
9
7
20
7937003
19346652
49644749
35551
384
2
11
29233
49614159
5
8
1
1
15307
11
11369575
34
5
998623
2
14943675
18012618
2
122495780
683
1
1
2
4
11
1
11878028
1
182994
1
5
2
7948
1416
35563
7937003
1
9
7951
2
18041857
1
1
13
2
917
1
2
18
27
9
40168490
9
2
7
40168476
18035613
11
5
4
10
10
2
4
2
1
19
9
3
43
1
4
7934
2
18
49616690
5
15
5
11340102
7919
7973
68951866
420
5
7
2
4
1
3
828
33003
12361
49617368
21
101398791
49609712
1
2
3
4
5
4
2
60
5
133850985
5
5
18076681
19198
14151
125013734
5
1
3
1
7
46
2
2
6
28
34304136
40491362
26107
91166
1
11
16
2165334
18004515
2
24
2
329
2
3
1
7796
1
9
6039620
3
1
9
929
31186
20
8448
1
63258
1
4
121832
4009
2
5
14
3
7
3
233296
8
13
2
6
5
683
17
1
8
32
683
2718
20
6
4814
3
5
18
32
18070023
3
1
5
4
1
2
35508
99609
57276
11
2
11894959
7243848
8
15
2
14
12
3
14
22
2
6
756
49618048
7
6
8100962
16
101430
3
12
1
1
11990
5566
2
49642719
5
13
2
1
7
11531
1
2
6
4
5
2
2718
55890762
9427
6646
6643
7
4
16596
133579751
47582
56489916
1
2
21
59453650
15
40
26
5
32
11
7936989
336
4
2
49615610
57226703
85
1
2
18
9
8214
2
49610852
6656
3
14
49642721
5
13
2
105156
73801
3
6643
2
9
2
18
3
3
17
7950
1159
5
16
24
11173230
1
3376
49614159
1
2252
18041832
3
2054
35514
771
59515
4
49586257
1
18041799
17989
2
19
1
2
37838228
6
35514
1
683
12
15
1
5
6
2
7934
56205
2406
12
2
23
5
3
38
11
38264919
5
5
61
8
1
53986241
1
5
1
10
1
10
49615610
26
1
15
1
9015
6171
11
233296
1
1
2
5
4
1
25
6
12
55672
4
6
48411049
19
1
1
49612891
33
1
18012487
14250
35551
49587951
2
49642779
428
201
2
54289256
18332
4
2
6643
3
1
49642719
1
1
38277
123
7
9
685
1
7
26687934
7036
10593771
20
1
56147
2
51
9
6
7
8083229
105450
5
9038
19
146719505
1
18012611
9
2014
5
35551
5
12
5
8284355
2
66059
6
1
415
18745924
12
9
36
6643
1
47
1
48647473
7
5
16
1
21330
4
51
2985
1
49620747
1
1
1
182998
36463381
14
1
18992
17
2
17
28805
4
2
565
19255359
47585
3
240
5
938
29
56730539
17
6
4
90
2
11
5
5
1
2
7
1
16
2
1
134914947
11372193
11988
2382
2
5
9
17
35514
37861782
1017
11
5
6
5
1
1
39
56469495
1
40168478
4
5
4
2
233296
18641198
122461570
5
1
11339082
1
1
29145
2
5
18
4
1
2
2
1
23
5
1394
10
4
50295817
35498
19
35502
2
1
401
50
7926
1
683
4
7
49611257
1
12
641
2705
15013601
60029
58966034
5
2
647
9
20
1
6643
597
46516633
5
3
7
6643
8
13
13
3
5
4075
5
49642719
11
3
35465464
401
401
4
1030
78780023
24
12
5
7
2
29
5
2
3710
1
30881852
54388
5
2
5
2
11
1
1
1
4
483
6
5
2
5
2
33
100
4
159
44862776
2
1
2
1
5
3
4
35
17
1
10
22
639
1383
86609
1
2
5
5
262
1
3
1
11384
17
49644677
117907792
1
34582210
1762
285
761
2036
18
1
1
182404
3
5
5
2
1
3
1
5
4
7
288
1346
5
6
5
3
3
49622384
46142981
5
1
1
18332
7
7934
30
1
1
4
13
4729
49643457
2
2
50248
5
534846
84
7
1020
2
20
4
57158
22
5
5
5
3
6657
10
16
21
683
5
1
38372530
1
5
1
1
13
5
14970
49610420
13
2
17
683
56710674
42159
122462003
249
1
56749001
2
5
2
170511
1003
8
110836
15024
9
67644
18
18074234
1
5
28
3148
4
9154747
7952
19
5
3
3
13
49617365
8
41
1
2
49614159
8324104
49626864
11033664
2
7
11342132
5
15
12038
10568642
7937002
8265992
2
4
3
1
1
1
3
925
1
7
51105336
2
6
2
1
11
7
105450
1
5
2
10
3
7937000
1
7
1
1
7798
2952
1
20
5
683
10
37
7929
5
21
7941
15
8101381
18128
2
6
5
49612130
40737823
5
56713139
1
2
14
8
6
5
8261680
8323057
62446871
190071686
8
4
2
22
190111496
7736
1
14
3
1
4859
35551
1
2418693
2
5
6654
9
2
8266077
1
2983
88078
21025
5
5
11336703
11806110
37
2
7752079
1
33
1
190005644
1
4
5
3
15
5
10823988
38678666
1
7008849
1
1655
49708837
18035304
1
14
105149
1
7
10
13
3523
60607
18
5
4
49642779
4
25
26
228
4
36
49615610
3380
3550
2
11336029
9932
5
19
3
8210
1
120413409
2
1
5
4
7
1
5
74872
1
49608683
153
1
3
5
1
47546
37004
5
4
38777255
18
7
25
14260
5
2
23473
2718
2
13
22
6
5
1
14
21
11806134
96614767
1
133515480
2974
10
7
190113301
17276
40
2
49642723
1280
5
2
4
60569784
10
9
5
288
25
27675382
1
1
44283
1
2
683
1
60
1
4
7799
1
1
24756
16
5
49
7
1
5
1
5
4
670
49618048
7
5
7821750
6
55283
14
105450
11
1
5
2
10
5
7
4
1
8083078
138
2718
6
178
7764394
10937094
5
4
1
24279440
21036
5
5
1
12
23
1
18041836
2
5
49642779
12
8
4
10204125
40737812
5
42
2996
13
3
6
38767625
4851
49618048
6
40824904
49964
7952
849
157237
32
5
49577437
1
6655
5
3
7928
93710442
683
3
169713406
3
10529
34714475
10
164
49709312
3459
1
2
5
2
4
23
2262
440
1
1
3
5
35795835
49617368
2
183
2
49594321
683
18
5
2
49614160
10
4
40168476
3
5
5
16
3
64374
11347557
6643
4
1
93469226
8
5
7
1
143235495
1
7936989
122376880
1
1
9
2
3
1
1
6132
1
5
5
18
1
1
167
2
1
10
202
7799
2
35551
42048866
5
5
49115234
5
9
11
5
5
6643
100037752
1
7926
5
51909
13
678
1
26
5
4
7928
5
2
13
3
141
2
5
1
1
49642719
5
5
10
6
17276
1
12
2
1
5
2
29
166
40168476
25
1
5
26
2
1428
2974
32106962
6643
1974
3
2
6650
2
412
1
120
30500932
35
342
2
817
5
1
1
4
49612891
6
9
4332
1
17832
139743
2
1
5
683
49621278
5
49615955
1
7751
6
5
2
1
19422
1
1
12
2
2
4
28132
18073127
1
15
178581141
1
3
2
4
29274
5
1
5
77
40168497
10
7
40168476
3
1
4
38295
1
49610843
95169
19
2718
26
4
4114
477
5
2
10568650
4
1690
5
8
34
24
4
5
5
35650
7936989
5
60
40168498
7926
4
2
7
7915
6
5
1
4
847
6875
5
20
645
3
15
5
1
2
2
90452436
2985
2
49706803
8
5
18
2
5
3
29145
5
2
8537
2
683
2
2
1872
5
9
10486
49617986
18
1
349
7799
1
2
4
30881852
34828217
49605914
16
63252
56
37004
9
4
7629
12949
40198
6
9
17
7488
2985
4
1
17933886
3399
1
7657326
5
3
5
3
10
18129
6664
13770
8083256
34
2
4
1
4
12
439
5
49
1
1
5
17987
5
8
7941930
1
1
18
4
1
343
116671566
40168476
99609
35514
13
26
22
6438
178866330
5
1
7
1
6664
2
6643
342
1
10
2
2
14
40168476
1
51241
7
6
7922
35551
2974
21529
15
2
1467220
12
1158
2985
2
2
16
1
6643
5
506199
13
4
54975169
6124
3
38275228
2
5
32
40168498
7936991
30062310
675
11780909
1065
832
8
4
7769027
6639
13
784
1
3
1360
5
2
1
19989
5
3
49618048
5
17
65665
6643
7
12
30
49605915
7488
6
1
18004535
3
4
5
342
1
8
1
5
13
2
2
4
40
2
2
1738
3
25
1
2
1268
6
57287
2705
16
190071228
1
5
134914446
7816959
2
2
1
5
2
3
2985
2
236717415
4
1
1
472
2
5
2
3067
6643
240
9
5
35551
2
22361
7119243
414891
2
22
2
5
1
360
24908
10835524
12
5
679
1
3
6
23
328689
429
1
1
13
22361
2
2
3
13
5
182999
105452
7
2
4
10
17
1
56490096
7936990
1
2
18314
20
100037752
6645
27
2244
904
5
60
1
3
1
28
2
4
4
5
2
2
2795394
1695
4
4
3
1
2
7931
4
2
49131
7751
3
15
1
17
9015
49613140
8310228
36
28
8283643
2
49617232
2
8
5
1
2990
2
29298
2
5
8101381
43
4
1
1
13
8
1
40491380
1
1
6
4
63854
7937003
5
11
9
8223
6656
49624012
3
2406810
4
385
2159894
1
21829
1
1
5
35522
2
761
2
6
45136
346
6
6
5
85261
5
2
4
16
5
2
28
2
1017
2
49612551
8
190172991
15
7
3
13
5
4
49578460
11339082
53098922
5
43
1
67
4
3036
2
4
739
7489911
2
1
5
17
5
1
2
17022
5
7955
8
18041837
1
8
56620
1
22
343
47
2
2
2
1
2
10
2
1
6
6643
1
5
368
4
96452
472
56489913
4638918
6643
250
1
125173423
4
3
52127217
1
2
49609778
1
44
2923031
8101402
49710062
527
1
49620741
5
30
1
2718
5
3
5
5
26
1347
2242
7937
7964
13
1
7763
1
5
1
5
1
34582199
5
10613796
5
5
2373
2
1
2
47
49621977
224
3
14
4
35551
1
5
1
23
1
5
1
1
7841770
35551
11
2
7
5
40168525
2
3
422
14
7951
2241
2
860
116
11790206
32
38295
2
14
57
7944
2718
3409
1
17
4
3
76838421
2
45301318
2
11
9
18
3
5
7945
11
47575
3
8
9
7754
6
35551
2
82201
35551
3
1092
26
1
1
7937014
1
17
2
36
4
2
4
35551
10
6643
10
15
4332
274781
5
1
5
2
25
1
49618050
14
31938
2240
7924
4
1349
8
190067981
2157010
7937013
9
1350
4
7935
4384
4
5
49622992
15071
7922
683
8
48981
5
5
3
5
6
6
57896079
6643
123
1
1
2
3
2
2
90163
1381
37006
3
1
17
35514
2034
2
11
5
10
51880
5
5
8282856
18
7920
30132188
121612476
18
49642719
14
5
4
49642072
1
11529740
5
8
625151
52212
1
49618045
3
4
246
4
6
96614763
2
2246
1
683
6
2
5
7662
5
5
5
7
2036
5
38735421
4
1
1
4
2810814
4
48
5
2
8
430
3
29007
18073127
1
6
21330
4
5
1
15
7941
1
2
13
625176
5
388
5
12
49611780
5
1
7
1
257813
4
11
5
4
27
5
49618048
5
5
867
1
3
3
1
12627
7732
6
14
93750584
1
106
12
481
9033
49610852
778
71559874
244183
2034
1249086
1
18137
1
49577437
5
2
436
1
160
1
49615231
1
18041841
2
5580
49618048
2985
143
2
5
22
1360
3
328683
55925
49642779
13
40171457
5
3
8
182999
2
11336703
3
2
30621272
2
11747
16
18051701
44168
17
105450
56994
11341461
49616969
5
1
151199852
49610761
2
49644757
3
1
7
1
4
10
38289
35551
96452
4
5
2
4
1
5
7
6660
278
3
3
860
23
101202474
1
7
13
5
7939
6643
1
5
2
49621973
1
1
2
3
4859
1
1
16596
14
19
3
6867
2
6
4
5
3
9018
5
2
2
16
133625365
1
4
67857296
27675387
42021910
1
2974
7934
17
7928
21843
43
625170
3
18
9
4
1
7925
5
7
7
1
2
2
787
5778
6643
16596
57739
4
3394
11336703
225870
6
3
1
1
10
4
49617987
6643
3
2
5
12
9
2
7921
49608686
2
3
49645088
2
6
49608686
5
10
3
5
6
5
12
2
56734836
49644749
8
683
6
37
761
12
1
6
38339362
14
1
1032
2
6
5
3
49612582
1
10782
150733414
3717
4
35514
7931
11
9315262
30
1816
122443308
2
11330863
1
140
1
49642701
18070023
182999
49614159
1
2
12
5
12
1
30
25323
4844
25
1
5
3
49611101
2
1
719
118
2
3
1
17
38735430
23
1
3
75528331
5
3
9717
2
2
3
2
2
1
7944
2899
683
812
13
16
68
13
26
17
2
7
49615539
6
11
5
38339337
1
2
10
43236850
7
2
35514
49607605
329
2
1
2
8310466
49612535
49581163
6643
26853
7963
2
1
19
1
759
2
3
9997
5
22343223
25
4
4
38264989
56829126
178
40491378
2
18
1
2
104
4
683
1268
14
8
7920
1
120795
5
1239
25
5
3
54047
5
66055
18012596
7936989
7
2416653
2
13
5
2
40737816
8
3
49643047
29
750
2
3
1
47556
190046441
4
5
2255
317
23077
6
18041829
1401
90487898
17678
8675
6643
7
3
1
3
3
9
654
38285
53057789
1
5
13705
1
11155575
654157
38980200
6
3
1
22358
218033893
26
4
49578456
1
18004539
40737815
16
10
4
6658
11
19
2
2
6678
49426744
1728
56767997
3516
35
1
4
1
10683
1003
4
11803570
1
35502
5
5
7937012
422
5
1
14
30881860
5
842
4
1
97
7488
494
122461587
1
18
29
33
5
7952
2895885
896
5
3
1
11
5
8107530
8
5
22365
49620750
11
7
49612551
7929
18041803
24
15
1350
40737816
1
2
18
14
5
1
22
1
3058
2
1603
3
56490112
5
2
27
26100
10
15638
27
13
91842
5
11
35551
2
8083508
756
7923
1
761
15229
17
49612891
49605917
1
7
20
42
46460305
1
22
5
26190
1
40172214
2
2
15966734
1
342
3
71708631
12
4081
2
3
523
7887471
1
7
295
15
21028
51911
16194278
4813
36
7936997
5
8568
5
6
7916
2
54510960
1
156
1
16006071
2
3
11229281
1
1878
49614590
5
5
1
190069046
49621977
1
1
8
7936990
1
683
27121821
1050
1
49115234
196
11039428
101139047
3
2
5
1
1
1
1
5
28503
2887
3
5
5
1
2
1
2
2
36723
7936989
5
10
2597650
7
1
5
2526
673
1
6328
56
1
49614650
4
6
7925
49623064
5
3
17
1
18041851
1
2960
49605916
10613794
29145
1839
1
12062
1
1700
30179
23373
436
2
1
6643
558
5
6
35514
6031
1
2230
47553
18041836
2
56604196
2
1
4
1
4
2
7
1
1
18059514
49614159
16596
5
30082
16093254
64134
14
22
3
1
35551
2
1288
1
21686
1
12
4
31
2891
1
373
38710005
1
17451
38735421
39
49625352
20
7945
2
1
4
6643
4
35
3
34
28
8
1
34
111
105450
53394021
4580730
1
3555534
7924
1
8727952
22
1
1
17985
8328458
161
2974
2
11
1
1
7
397
11
673
727
249
4792
5
5
25
2
2
92540
51873344
472
11
960
38
1
6
49614527
6
4
41432
7929
1
33
6628
11
1
3
6643
7926
18108
6643
185
441
12
2
166
7056386
1
7
220
49642714
49586257
6
2
11336703
85947
49642780
10
2718
17
1
1
7
11806112
7
1
2985
4827
1026
14252
3
2
13
10
1
1
5
1
5337
11
136542
9
157
1062
7949
8
19
5
1755
6
189631603
38166926
134912212
3
8
4
133654049
63002640
8
9569
2241
381
7886403
418
4
3
232318
728
2260
15
24
17983
5
18076680
1
133616809
827
1
5
10519
683
2257
4
2
32
49642779
7749
1
31
8
35551
49616898
1
2
84534709
10
129
1294
2
3
11268700
14
2
6580
1
2751453
1
1
1
873
38149180
434
10
203
11
40168528
5
1
20344777
4
14
83227622
111829489
4
581
7936990
1
5
3389
1332
162575868
10
190123358
88081
89737
1
1
1
1
917
1
2
18073138
49618048
49613140
2
1
5
17
1
3
4
226967
88470950
1
20
1
7
25
11943
1
49615610
1
13
60427
2
13
3
17791715
7936988
7666
2
5
5
3
49608688
6
5
587
748
2718
2
7802
6009
1020
677
6
3
68206522
680
1
1
1
6
2
47683
2
1
1
2
78
42159
676
49613970
3
24146240
5
1
12
2
1
18033811
11
11
11
5
3
1
7925
1
7
3
29580911
19
5
2
4
21811
2
125174840
2
2
13116526
49605915
7917
17986
12595
1
7
5
373056
34616963
20
2
5
170
2
49577437
7
2
10
798
1
2
1512
386
5
124035502
11198899
855
53098918
1
1
1
9603
23
850
438
1
4
15
2
1
1
1
8097169
7
3
16915530
2364
6
2262
18059504
165440
29
738
1
7
5
49612551
1
425
21
8210
6643
16
5
35512
2
20337
2
13
3
33100
37
2
4
797
6643
13
860
24
2
40213
7936989
1
49643120
12
5
14
49619919
33
5
25
8
10
5
10
4
4
2
1
49642719
6643
35514
7
2159899
3
3
2
21
9
5198118
2
17881
5
1
12
18041786
20
3
6643
7919
135765
4
357
27754718
2
1
3
1
1
1868
2860387
72873727
5
5
3
12
14286
1
1
18070012
14
49642719
4
1
2
1
3
3
8224
1
11351976
5
8
5
1
1
5
1
63020997
4058
9
1
1
5
184
7821705
4805
35515
2
16
3
4589307
59556
3
11342141
7943
34582199
163
29145
3
4
12874
11336390
526199
86073477
1
1
1
1
1
6
2
18075371
1
1779
5
3
3
4
13
3
2
4
11810635
11
49642719
3
4
1
1
5
1
121
2
19
3
11
70570
1360
2
49606260
1
4
8265996
18012498
2974
1
59526
1
16
16
47108
2
18881793
7957
6656
118
4
1
11803601
1
49605917
8034001
2
9241520
5
10
16
1
1
7916
40168468
2
35
7912072
1
2257
477287
2
2996
24366
53653039
6
2
6637
1
12
3926381
7936991
18
7
863
1
10
2602
2
341
37
4
4808
4
5
106720
101136202
49621381
49618048
11339422
5
4
3
4
683
1
21
3
2
3
6
5
2
18716018
625167
1
1
2
18123
16
1
5
3
11340102
3
1
401
6
5
2025
7933
14
2362
401
1
4859
7939
9
770
2
10568613
10505
6643
14
20523100
892
796
27981950
35507
7937000
7
1
3550
49115238
5
2
11
57275
2
28813
1
18
1020
11
9
18
166
7937
7
5
1
6
4814
18016469
24297
9015
5
10993701
21608950
11330869
2
1
1
22
6669
10
49624012
6
3
11155572
5
13
10
3
1
7934
11334355
49605936
9
1
1
4
6643
73388628
4
9
52126639
2
4814
6643
5986
10179
4
7
54920
1
18
1
39093
2040
22
506974
2
5
17793927
35551
2238
432
1360
1
49610745
102744
23
35551
3
11803601
5
4
45
1
49909
55925
49642779
1
3
1
678
6661
3
7
30
2
49593308
4
2891
3379
4
45739116
2
1194
29145
7928
18073127
9
49642719
13
28516
3
49642719
1
2
2
71067325
242
4
18
4
2
16
6645
6
5
5
1
17
2
10
5
71708643
8
7
5428
683
1
5
2
19
1
7916
7920
4813
15
2
10
40491372
8
1
1
218
1
10
4
7
14
22
49145330
10
49614650
56620
202
3
5
1
8
5
18
2
7932
2
4
193766197
834
1
3
77376458
11806138
2891
49610366
1
3
3
4
5
61
14
19
8323064
11342141
12679983
929
2
5
683
11
2
6
1
49614222
2241
19
5
35
6643
5
6651
4
18012660
40172214
23
16
18992
1
1
534849
8
10
4
2
7926
8
4785
3
3628582
5
2
1700
1
22
860
1
759
96452
2718
15
9
1
2
4
8083080
4
517945
2
5
25949985
11
31
49703947
5
4
60
40168476
2718
2
6643
18032119
1
93750614
141794174
2
14
93754850
1
6
2
229
1416334
2
49644429
4
12
5
12393317
26
3
3
6171
5
1
6643
22
3
4
2
3007
1
1
2
6
1
6643
1
49642779
18
49608686
173
87298496
2
101129850
36
1
56837107
6655
35551
1
49642731
56718310
3
5
5
8
1
2
7
5
10
35551
6643
64166
18012666
8310418
1
35551
34582199
2
7936990
2
35504
1
49578456
7937
4
7
5
1
87491835
2241
1
38997
49612551
1
2
14286
625171
17184
1
3
7947
4
1
10
1
2
5
1
2
7
1
1
25
29241
4
1
2
1
2
4
4
5
4
2718
2
11806071
1
49596356
45933807
5
1
122
1970
2
1
7920
13
8
6
5
8
12
147
1779
7751
14
19
5
38735421
48
2
2
1
1
3
18059499
49611789
58462867
4859
5
4
16
25
2
26
22733682
1
16
40168526
283
7
5
15
50112
1
6842
1700
3
1
1028
733
7
7
12
5
52127217
151
1
28
12
1
1
3
33668092
4
5
5
11
5
30163
683
3
6
342
2
49626863
2
1
1
15
15
4
2983
6643
186602
48889
2
1
27
72851032
2
1
33632536
3
1
49605915
1
8306066
52127217
5
4
1
1
7
5
7
7915
8266057
37004
1
10
5
9
40168469
60009
13
4
2
20568
1025696
7936999
7
1
12050673
970
5
2
5
5
2
17
12
2
36126
13
1
5
5
893
5
20
4
49609348
16
57798167
35551
1
2
1
1
5
1700
2
6643
7
45
1283
36667
5
14
2
4
470
1
28
1
3
49620746
49630712
26
49630043
16095024
1
5
3
10
25
9
5
7914
2
2
4333
2
49642776
765
49641713
7945
1
3716
6
1
4
8
7966
1
1
5
13
4
5
9
8
18
18041765
21
11
10173
4
15
18073132
2
49612573
18041785
49578456
2
2
7
58858
5
2
5
18
2
182411
8
27969
1
683
2
2
10
1267
3336809
30168
92117129
12
2891
3
1
1
11033
12
94
49613140
42
1
1
780
683
6
2
10
1
14
49642719
8
49642779
18
25
49642721
20
10204108
30504
6
2
8265990
5
36
4
1683
2
3
11
11191036
7
3
34564995
4
32515
7802
129
3
6325
4
7937013
1
30
53
1
1872
11269
16
142482
51868934
2718
6676
1
1
90471370
49642776
3
5
2
2
1
5
683
9
21
6644
7
3098
3
4
16
49618048
1
4
2
2
7
1
3
2
374
1
18041853
3741
5111
7
3009792
8
1
3373
2
5
3
4
4
5
1
579
2
5
4
38275168
2
2
34713736
5
2249
28
4220
1
5
11
7245966
4
12
6840
3
1
1
683
2
7902710
1982
10
1
1360
685
35514
44121916
1017
40737816
14
1
750
6039620
4332
929
2262
1
2
9
5
2416653
24
4785
3
15
1
18073127
5
2
8
2961
14
503
1
864
10
10678500
2718
64810
2
31
2
1898
6
14252
6842
35511
37228304
5
2
31820
8
2
15
2
49612551
2
7
1357
2
5
4
8
11336703
10749
33
11
11336705
3
1
2246
5
10620871
7933
1
1357
1
5
49617987
45532642
35551
5695
7739
1
5
31053
49612551
14810100
3103
4
860
5
3955173
7
5
2
11803593
16
6
5
1
5
10
1
18600
4
6
1
148
4
368
192512621
8
6
1
5
53543
4525
8660809
109970767
2
2
38295
7008849
49642779
28822
3710
5
291943
7
1
1
18
34
1
1
9
3
5
54568132
40168526
2
2039
7886403
5
26
1
15324
14
1
1
4
8
2
12
2
3
4581774
7
3
14
5
1
19
18138
1
3
3
27873
7922
1
7
2
2
7922
303
30166
6
6643
1
8101396
26
2571283
23
12
5
38275181
2
2983
11
20
1784
2212
5
6
1
16
8
21354
37259717
88104
1
2985
1016
133567424
3
851
23530
7775
5
2
11818160
5
9
72872719
4
14
3
1804
4815
3
5
18026676
4
1
7
12935
9
166
1
10717
2
2
3741
35516
5
1
1
1
1
1017
2
2
4
49925
1
1
45
18012487
47562
148207
2
1
43
37147260
1
4
2
8101597
3
1
1
1016
22
21
11
5
3
49618048
10508172
78
5
122774727
4
1
12
93754848
9
5
3
2
2
342
125166239
2
1
2
576
1
49642730
9
761
1
13
20510
6
298
3
5
23
44562
18
40168504
7937019
5
7071
22100
2
14
49591357
1
49577437
3
1
15
11
105159
5
3
5
5
17
26
5
750
1
90487918
1
2
2
49607949
1
21
190068436
8
61
5
683
5
1
9
1
5
1039
7801
1
4
18004485
8
6
4
33820659
4
1
6729
5
5
7949
5
8
18
49612611
1
10
4
20
851
22620378
7
9
5
20
11481
2
2891
1
15
19
6701
17425
190069089
17894
3
731
5
1
2
1
4
4
122461324
11203224
7934
143256846
12523695
4
2
32
5
5
12
12
5
1
6
3
399586
3
175
6
5
1
1
5
2
2
29
23
2
1
105163
190092790
13
1
4
40168478
4410381
1
3
1
5
2
20
4
20
2
24
1
6
1
25
1
49578456
42257664
4
8
5
1
1
1
8
4
7934
1
4
6
1
33003
1
7936991
5
23
625170
5483
2
49608688
15
2030
58873
1
40
1
329
41
23
4
10797318
34
8079099
7769027
9015
13
5
4
2
3
49610852
850
20
1
33
1
1
10
63263
1
5714
2
3
2
2
3
743
60138548
6
5
7926
1
683
25
2
5
581
7
17
694
2
13
990981
225883
7922
7965
4
511
2
12
4
8
8
1
1
5
4
49642779
11
4
63261
3
7935
1
5
5
40168482
25751
2
11
1
7008849
7
38007
4
23604917
4859
17
683
17641326
2985
21843
1
3
1
11208621
8
855
1
43
4
62484298
3
5
8
422
1
49641429
22
2
11794089
11040616
5
1
2
17986
6643
34582210
17986
18
1
50
166
1
3747
71708635
63263
1
7
4114
2
1
1
1
2
16
37259717
4
4
2
1
5
7925
3067
17
40168476
1
19
2
2044
5
4
4
1632
4
13
16
2
24
49618051
2
1
2
18033800
2
756
52126646
14517741
2
13
18328
15
32
1
4
35551
28
13
8306051
21771584
142305
13
10204098
2
41
14
38266959
1364
5
49642780
7936999
49627142
130
1
49612584
4154
6117
4
1
3007
1
11336703
142278
3
80647554
6643
1
1
2
5
3
15
194
18083015
1
7941
5
56635
2
8577
11
5
6900
668
7924
59453659
5
10627548
49577437
15
1
683
7926
1839
5
7794
18041854
49121561
2
2
10
4
133698269
5
9
49585242
3
683
1
3
2
22735857
1
3
4
3
41787
2
1
1
1
2
49608694
8
855
45
6
12
2
1
3969
2
9
8
17
2
5
1
1
24720
4
10
6774
4
1
1
1
111002172
40104
4
1779
1
2805
15930
4
2
173
5
5
17
3
6643
9
6
24
5
342
8
7
7
63261
44589
4
2
13
1
2
11286600
7940
1965
50
17
5
6644
49614246
2
29145
3
152170049
1
56696306
49957188
17
6643
12
1837
20
1
6643
35514
241
1
1
87639
2
2
10
16062305
40168480
4799
30492
5
1
4
13
53986249
5
122376219
2
5
19
7008849
5
4
5
49577437
55442493
8
1
31
22
1
23523
10
3
23508
49620738
2
4
4
36
5
56156882
4
1
29249
2
6671
2
19255553
16
35551
4
1
4
1
12
1
1
11
52126645
2
1
7744
19569704
49642761
16
456
33
5
3
5
7916
2795394
1
35551
2
683
1
2
41
1
2
6647
1
18
1
1
7936990
17
2
5
8
27119
49610852
9
25
2057
35551
11
14
3384
5
31
4
18
7
2
1
8
35551
1
1
105146
1
1
1
3
3
2
23
10
35551
6
16
1
14351
4
49642775
2
7936991
84401034
1693
5
3
38460
14
7965
10841093
52126639
342
1
1
1
4
2718
11
2
1
1
26
8
1
1
7936990
5
437212
5
5
2
294
422
669
40169254
1
14286
6
48
466
25
3
2
3
8
49618048
60
31172
48
1871
2
2
60240898
18
1
1
49549647
2034
41360
39
6
1
35551
7936991
3
1
2960
7922
80
5
4358
5
3
19
3
56671091
4
4
6643
5
1
35551
33
12
37249106
2
8083049
1
735
1
2
591
20858
13
2
3
1
249
2
22483
7937002
2
8266070
2
4
15
13540
9243513
7
32479470
1
5
2
2213
1
125174841
4
7936989
4
38
1
3
10
26
165
5
1
460
49642378
1
1007696
62503476
34828217
109584119
6009
7944
534862
1
5
6
2
2039
4
5
6
5
1
18
27
1
56721183
5
491
1
3
13
2
43963
8310540
2
739
2
10
10214
5
21
49642719
6135
8266009
7787
5
1
49642768
1
2
2
5
14
49619920
5
18074848
27673135
12
2
6
1
5
1
2
49454124
7
14
2241
9
2
207
4
3
1
13
22648
11
3
12935
670
11780921
5
38735431
10
1
8101571
1017
7964
5
3
1
1
5
49644701
2
6643
4
1
24721
18033780
6
40737816
10
14
1
2
8
4
1
56825876
57739
9439
1
3
8
2
4
49578456
2
42093399
5
2
5
14
18
5
1
1
4
12522197
90469522
2
1
49642719
1
7751
162
9
8
6
24760
43
28932397
1
1
18
170
14
6
11
1
4
10421822
3
5
1
11803599
2887
5
2718
2973
35495
7964
5
138
15
3
95278
5
7
5
7262
9
10
58965896
16688
49617986
49608690
3
2
16
5
11336029
1
7
49621032
508
7754
7
24731
40491363
49622049
49612891
1
6643
113278993
3
3
49615610
1
23
2718
1343
1
2
2
14
3
2
2
3
4
4
58
7940
2
16
3
134912190
2
1
17682
5
468
1
19
164
1
10
2
2962
1
2
49621030
7821749
4
4
1
20
10307
1
3377
14
6
2
2
2970
3114
2
49578437
5
7799
619
683
4
6
68229776
2718
6653
4
152285944
1
5
5
5
2
20
3
2
5
13
340
2039
2
8
27
38710013
727
54920
683
1
6643
22744462
42852
18006046
5
29580899
3
5
22
5
6132
102
10558964
21
1
13
19
1
17
6
6660
1
4792
5
12
1
14
1
50
2
49607265
23
23
29
7926
2718
49642778
49615330
4
3760534
1
5
7
12045
2983
10464
7
6643
2
22166
40168708
7
5
29
6
39
2
739
5
1
1
3
26426
12755
5
12
1
18012646
49642719
1779
20
781
2
1357
9
5
93470402
5
27
11
38770
27399
52126639
3
78847841
49642779
5
2
10
5
613
16674094
7941
10
5
11
7
850
1
38164586
24
49618048
17
1
5
3
2
2
2
5
5
35551
14251
94018
202
18
360
1991969
5
142293
13
5
4
15
5
2
5
24745
18012648
29145
35551
1
1
2
12
142278
47515866
9
35551
5
49617986
18012650
5
1
2
8
49162126
49605915
2
13
12660096
1
18071348
60
11029198
3389
19
1
2
2
49612551
40168476
3
2034
1
35551
49641391
2
45
19
5
1
1
8537
1
10
1
683
52128229
1
26692788
7936989
54370
2
1
4
15
78
3
49612891
585416
11160922
2
4
3
1
1
4784
6
1
1
16
40168500
4
10
4
1
1
8
3
1
3741
1
2
1
2
1
1
17
2
4797
3
1
11
6
32691150
1
96614759
6643
1756
328710
25415
5
50591300
2416653
117542780
26
8083072
2
464
11
2
17
49625711
5
4
5
1
4
5
3
18076675
2981
5
5
7821797
1
3
1016
1780
5
3
1
4
4
6643
2039
8265669
3
6
14
1
30132195
34
49631060
1
1
2891
6643
1
7
4805
347
49611101
7
21769068
2
2
55
10
8080
17276
11
49642779
9797508
130
3
1
29580916
1
4
24
2
5
37004
2
28
2
49608688
1
2
11336703
7937000
143
1
8
23
48197471
2
4
18
2
6
18
27
1
1
5
5
683
18025956
1
5
2981
17
1
49640937
4
7
1
7942
5
8
33004
1
13
11806128
18
5
1699
1
18307
2
10
1
3716
4
1
2
49642779
5
1
1
12
156019844
2040
2
1
19081
1
4
4
7
5
5
25
1
49611776
44507
1
124
3
2
