228537332
7221703
49034344
9886536
8310565
57674818
227159
7238118
77724470
31957
11464114
517555
77273942
8310553
43271242
160043601
15505122
71732916
150836
110871541
49032
43166
490852
4821
19935339
82172935
61052514
9291
5023316
21966697
48434742
11031590
7694557
37479660
8283980
8310249
985
90343259
47132545
37536638
56944452
8284367
159950726
23405609
15979344
22107620
18182406
7291
25709843
8310556
21291476
20827262
49527440
48192558
11151227
10914155
561489
103941199
115250830
27146947
89674899
38481658
16873088
6797484
509924
107003623
49568927
562636
550164
33954046
157654035
11121437
12606564
40178872
176207797
7628397
27184436
2633
43238128
26131744
1446652
49634435
31261822
16321753
36832387
28721141
38286698
18478228
63014256
91064606
72567783
92019533
74695292
49632223
18411765
11561688
89827474
67054953
8266000
13819778
19748703
113250695
89828827
97953
52210148
31096644
5292
31157762
536912
71588490
54266
47517194
26803390
49117290
78380446
77574341
49007212
41835544
8597686
8100956
29704980
40731301
10628036
122326957
13876086
38122574
5490
1125
22290780
739230
8328542
46030220
85237972
11899596
145300844
179659
76089547
7274340
34981
96523626
727
68995184
129563281
58269083
77163029
9769
130060366
49558263
7241726
28702989
37690992
40148927
31199358
105551953
64337151
18053154
19710332
33963061
15802798
41769208
49651267
1733716
57662
1159426
49139532
87664485
227174
62278917
54908034
89857086
11842
79144159
52526446
7279490
30425524
1377345
93210835
49622004
63200374
36865377
67994747
130959351
26022196
40965392
21985051
7257766
54131912
39909
23135924
98399383
93468958
7781699
3699
7771627
37964782
19346724
7074
3378438
42298870
23061067
168701302
46072927
8131584
8328542
101181655
162025295
31033267
8101336
16176496
49433348
210927
73875788
2838878
27103306
5558
21985111
15494850
40681287
109119135
151963800
47920556
13261655
68956162
25958617
30157311
28020914
130347588
65558304
118760
112788970
38558244
7222577
9440361
17359362
192832084
38031928
83375943
8839887
3941187
80892468
2047802
9468003
28655838
40051693
6776046
16629748
38965541
37847360
71850036
79756167
26936714
195978000
5701042
67299692
37817695
24149345
21891715
27002954
89834499
20498044
88308232
10101518
525925
39486
54534454
559214
6451884
9097997
78541802
27129124
41290844
40713317
27142536
87311294
10612637
8101336
11107207
49100984
138436400
44207
103180547
10778014
2680538
28900423
7749595
99058406
7241089
38411959
89820591
3699
31210155
14638669
104616924
16323513
22315516
180951
2891
40183857
11289995
14473617
2416
55099649
135
9073862
21962639
79073437
56889110
13055841
26936714
182999
37869999
2230
26615
51673167
59686470
58771009
34422
20372270
11840
45932946
10166258
22929672
124157367
8310254
69753435
257487
7074
86052038
40731212
57697
8985
506827
547532
495269
514095
55639679
181010996
22769260
40685887
48972135
5563873
15425219
36585440
41475960
11305861
85953927
121611663
21965769
111439206
11449
89833053
509919
24072929
79337028
72807384
85648711
49122840
49655299
37660281
56611315
12752586
69633386
18514912
141557829
40171303
34348568
55618314
9688614
33368135
89400879
64795985
10621946
10523953
72856594
125497649
8283982
178013401
10622982
9872030
172842161
20946838
2411
178104101
38465672
50882114
112067914
15575
43218896
8328540
227194
30916278
56800889
22005559
49011955
8083035
14
38922
525937
49658202
8266001
29038539
8180429
49652065
8310252
8101356
28503081
4477
49125496
89834061
21809331
125015028
7279410
18081452
157942026
82041651
69453769
49050851
29254524
80821432
19874105
12068689
228420585
201131717
148153203
38175822
49115401
33930953
36396266
39322118
20820955
51000937
40340735
157525037
140
46787449
134813046
8284367
32399116
60621227
44207
30985074
24165147
9213241
44563
21903006
49631441
107474721
98199827
76915651
71162017
38447664
5593
15627323
76878349
10616909
20844907
15387997
167631
36383488
21954151
24564391
8083073
18042901
26161266
31043549
58093797
18362836
49074421
45886102
30578584
83826818
49092167
19595359
60827656
56019614
8284368
47733772
24855467
313
124606863
39733544
2973
24956910
492827
182999
17662950
1625098
19873522
146999256
437013
7779643
9915610
8439982
24344905
63644718
41082767
70662859
26146783
60332484
543043
95828949
29474143
10745679
49356793
10890190
29729517
7777784
13745381
516012
8083043
132736
33615498
574
182999
61216895
89612932
27643757
41718379
61035693
175530
652742
47947279
77850568
27894136
27169893
26836288
1485
108621299
38155979
80170298
38632984
564546
16574295
23366895
39727467
49820
8083080
114348407
79187909
19396
9241520
38495598
92092
18047560
93467916
2992399
62373482
5392165
73471028
89829748
7209966
142831480
7871
55115456
39732525
18400220
38974293
13739108
1940830
40725704
8742444
54921
4868035
26580480
60158
53355771
200063331
30351491
2141370
16804353
40340734
35158967
18057735
31531584
49433346
7231406
94458151
8283979
104015739
58268067
5149351
509924
7198774
36200198
88749603
78528922
9095286
8310254
82964485
79174139
113561513
15792454
11725166
48985219
139427
18990576
129789316
47936351
26527998
509924
35672667
17030024
7985
96130195
38277538
89834504
582534
75677590
39289010
160113310
37443422
64036998
41470373
87926558
8115583
50230392
38428950
13520
27805898
47631048
58446
192660521
10798223
96901950
116627675
114048
44207
9672
18948487
42987527
7760812
18172789
49132274
509033
109027307
5192
78135585
3782972
509190
98051857
16588825
58763437
22842884
27576571
7076
63322987
49081068
7295745
12633
3049293
120811172
20390269
28804726
25347698
8083070
147539647
186417363
43381204
7224928
61687
34373668
10809952
17965880
7245347
17989
6781972
108839307
68440608
1099269
32315491
64747
224465360
509680
189025330
10842747
40688584
89829753
78966689
65606606
64909
10666552
572
40838546
30991321
143597432
40238283
7274728
45682339
38977583
5707
18056815
94499627
7886434
11087
37126401
10575472
28812230
15627746
75038506
79170944
38405771
18293
131163460
11012506
9192829
145272
135151690
10697190
11801116
55514
160620819
89818123
11471430
509359
95533147
63476016
11254046
1648037
20384
485366
143036859
82258024
33989938
31028784
43272202
86596885
9676008
32744862
7261020
210028186
70993033
11279175
138618189
12924505
55153716
6570
102431037
26696354
44677707
89824268
11109750
96954360
482253
49573121
38696407
40725318
106045551
66770284
92743596
78118489
30874953
7612
142466689
98802885
68724155
73296686
38617608
454526
31164751
25956087
29359297
33949824
149201906
113011527
49979742
12465352
18039585
2093625
191290396
81439839
559398
45278981
21874502
8101577
55481562
41472121
60322420
8328542
139247340
158345163
14872130
26225757
40747795
49122159
49016901
14756846
115403134
63267286
56723
72328082
1831897
54154500
19578421
55016057
7244539
52574256
41714883
18580931
6720
49116482
23724
100
13423568
10861392
5262
9321
51664906
147241589
19901
18300
27278087
8328542
108069311
49067516
506138
44562
18085762
4149528
10981789
50371605
1318
170381230
31143396
4656155
11232202
54644397
11917426
92277467
68664
7960114
51045788
19887138
40732188
18462
6768655
56437703
3005
11243246
46272965
828
99744430
553951
20676607
7261080
104944529
38102556
70885460
135095213
121921850
20239109
30579567
8083305
5314042
31414955
18296
3511239
206973
56719744
8082186
92892101
50090870
145
14181390
34394084
8283979
42213153
21295642
30225745
141377189
22898047
95127427
144757643
54091446
100130571
40939485
101134813
18378911
110839575
28133202
49581013
41675391
40181251
67432492
146766552
26751774
89825074
38363096
56927718
114707686
10681590
41733504
7720561
69067123
11576
146058581
111059322
4232220
89800642
82198783
1580
80300
4957106
49117345
7240781
509924
10687269
8255
40721585
26116
7264385
17912140
56027740
38337773
58759901
89830502
135225521
34071880
23739393
157228921
5986145
8310241
86633985
176015958
141
49107694
503131
26264322
552946
39574923
64141979
67357165
134780844
123997160
49080176
27166225
49433396
2730640
56779859
77758551
99
2314332
63608334
7694001
41133058
30935325
38992375
89836325
44207
16147062
140189120
16260282
21672133
20895293
49103457
151147581
10643516
11476543
27767094
44
37217322
67749071
49098081
49652065
47560564
8310434
86908434
27750217
21954254
89421904
28004131
33638
50230376
10707584
8265996
22397382
10916242
56043232
91958332
13197
25760368
37397880
18058947
22501789
285927
199991140
5449
72887491
168577930
40736756
57972693
26259817
7242112
40687057
102891318
68972536
49097506
32908119
33679302
41860234
89991264
60412738
31018291
91401391
8570949
29768423
24232233
37161754
9277824
37982014
93317361
68858005
17949383
41409473
131704897
53682
83115972
49090130
50900498
4910
18519
49102290
9274
217737352
82767235
11229949
21870020
38260447
44419
16619116
34995906
26425689
59525042
7765464
10820633
5294110
7255524
11281076
8328542
49137243
26746915
10895
95192539
40730760
11209400
539028
93305047
536886
559927
12411000
49339504
62739768
49630970
55721982
39252598
125102738
134863431
113211527
12325512
10606108
27133473
40171303
224130134
57122157
11395019
114032
7258867
149614459
74803569
7757
41010754
23923865
34358151
15444324
171671025
15651
9827836
94703444
53606101
145289475
86307260
50765
59791801
7254469
8310241
64162413
3656
44473918
4682
49048978
11169399
137408412
112742305
44842771
96475793
20519348
106674619
34
77374239
227206
141979011
28280387
60758382
27181423
38768755
130012177
48573097
9055065
19456971
18048242
55822259
49074311
18586460
71288040
8896469
114797793
43732852
41832571
18472066
7803164
21216953
114561080
37357446
17518004
27259977
173335885
10877
49537980
95201821
52890
137
8083192
56706081
89345184
48227418
80059650
87828702
38142397
112696144
25504237
101431502
188686490
49061369
128786236
56930725
15936137
86245778
24354027
9497483
29322408
8283980
44560
27125571
7275573
7746357
122987655
26941299
9810487
64482020
45733236
40001905
5975704
516995
43421255
67982253
90569
40171461
36104183
31186058
39890777
72137
16066634
54616496
31034219
72380377
5946
70629228
1240067
9156461
7261776
57102081
7074
133239822
44176162
118276149
455297
25432458
3856885
13962327
10168
83472166
7231142
11240541
4772
20510825
43801853
31050273
4317033
172973648
9010718
49138289
10950355
8675487
127413729
17777861
32221985
154241708
54651
38477010
7621636
24888635
44175
31173909
28359
27882586
32032993
209817572
5629983
73956204
4824
118764493
37272007
77699914
49637001
89749109
12232750
26849628
7279458
137492699
86751923
104013967
115706570
8146
20297
11209581
586
5565
79891531
106984747
49123041
45331854
21863
88499155
511338
89055192
87214393
8101332
29152362
109935166
10819405
138247427
7201
329182
40578402
489332
93138355
18406206
10900176
115869274
49123433
3005
41748611
26796302
3784266
46273015
47947864
10807291
5920
35041196
21867656
18040534
41892421
15158607
179268819
49988
354
4895
6915891
10703306
87668680
202359732
24678878
16487927
19309955
23322840
35230900
447948
89817657
41852140
11818155
37406999
98313541
34667
21695792
60352779
4933821
6716410
4419954
10612742
7279490
49014799
145262738
115177150
2286242
46164392
7026
8101368
16841631
11218
18323
20439900
8284335
11806112
44528687
27084975
55830300
21946343
8265841
145
11543200
40721784
221909980
36339937
172884968
40676968
83587017
87596615
100594916
53946508
45390
49117550
27669956
257441
44752581
2248157
32663115
9253137
18438014
40264505
80188770
27137897
19889152
30593795
136157612
7771980
40926875
9083025
9716359
26156744
8328557
50680827
8310242
145730724
14759718
17682196
69868259
31955437
37263239
161410402
49125925
7838664
38517005
31092213
47917650
19369944
11316787
130993766
97280068
7777441
69456904
43
32606315
17926705
10339758
12707830
125039945
53446449
101982010
89201938
52090152
28681581
52481353
21513297
81892786
46983963
112890495
20
5165
2278108
34660044
7918160
166447
445419
227186
28709917
2281528
11667850
20432
124040066
102908686
67261560
39350545
2682746
3054215
19924888
168311662
41196451
45418542
69164049
10657307
7918160
63534005
7714537
6322690
41878845
77457017
8559
154830997
46111797
108966738
8284367
7755838
58944
27149366
130688920
73990926
90761203
11806724
261
40684138
24
69402552
40740357
10963353
32980
7258065
45125677
23411008
170503737
88361004
34524941
7074
31234602
5078154
68762950
13305572
8083035
34087096
85135674
21949488
9411
146328594
41305431
23491022
60746813
11217128
32847360
44207
89290825
133559428
226966
820979
10842233
10528261
10890033
50676379
134223289
40238243
26389717
934084
182999
27670795
4403776
27162043
42288915
8101336
27858387
33983737
83272787
155304101
104
94154917
10793842
5317491
31067729
12535857
31051425
45588148
21483747
46745817
84762058
15756217
49040459
31395
32665395
90521898
85126357
65337815
87909
19761524
104037940
113519153
83563795
80278917
8328542
38756791
89820688
158501506
116678275
37825
27160261
24528962
51706684
13390607
34618
50001
38514161
38399969
11229362
55468022
72060549
92769517
20448371
11249312
49111565
3894861
48124528
72424100
8138554
26867
7767224
10801199
143827440
10843393
58441686
105281577
38782152
85688859
49933661
7833273
45860545
39689548
177939026
32946797
90299088
69929393
67562443
41790865
113241286
11292218
120462140
27125206
205185033
74380689
105602250
113793543
11256627
82026975
1278644
71614677
33063631
560580
27256594
45402835
1600635
8310229
109593836
30436490
38357797
25743545
36119337
7193619
27929561
519344
169185501
25522611
49125496
49096223
19303565
26233013
491266
27670053
94419115
57097758
38497889
4878
21976999
109757040
27660718
13850905
38355060
23325389
8328542
26135
7813889
650
21944571
6001222
11826081
1215458
10586101
27235
9534
3067
70539669
178688599
23230505
103752037
49087616
10862
55626043
35035462
142474380
182999
31265088
13497
125119998
70715604
2990
4651078
474463
81816762
49082429
10500552
25994399
24935739
11258906
8283981
1191
50545650
47917419
67832683
2439
111810899
224105
61375586
7245374
12531
6936994
11215223
144467059
75228393
11122555
26545653
20763422
7759333
40774723
13316003
15391204
48065
28567764
1283213
23082876
41795242
77929422
26840307
60884934
75828301
182999
30601392
8645265
205441323
44207
44496407
14621824
55940577
509919
19189846
19734750
52821
10774960
41875782
38348031
11525360
78530241
3517
138127548
8284335
80041522
11459757
170562
3360021
22270664
641441
49086127
44029852
49057391
28254459
40716538
10613572
40228195
5565
3000888
1571
1894
148516832
62938769
21985137
77971070
10841055
23424685
26562986
18102451
26557323
20432
11818183
59790763
15797578
187768
140
79522
60527363
45860545
10588845
7279501
20256
17968172
7179704
340918
12125119
36483
49568737
77577846
38372044
530018
44560
8153319
44224
53056421
23282764
34
79083956
6760
471392
172890160
40734697
20413
151406548
140060005
9864609
7989520
47976218
4824
8284355
41392964
113705330
4204393
248189
182999
195437641
4190877
30587866
8101396
18472633
41854775
31503962
4685149
49632684
19200046
123978858
14579064
19174
15650612
30062998
4773815
48566937
190
36256580
18607791
35333383
1099631
1852
8101336
523177
10017241
38990096
98137634
7291
34018394
58582215
18561890
40175143
17274172
66297314
10844339
38339697
30898188
15736013
73310
96720041
37879118
97473323
35407589
77129794
43425541
49634036
62009345
38669111
61644259
7291
551201
19926653
83399797
8328542
12602190
79870541
11122555
7242138
14048076
17041240
31461709
54551
63643403
570
89807354
557417
49657938
89832582
93470142
74531491
17924986
54389587
3005
67849796
49048855
81932779
31161729
42301854
7759833
32522839
31110573
36157846
47973920
49141159
272
3403389
66281788
13010121
3005
38421254
15946328
49105000
32079081
3052
35566
53897946
10892306
20628808
4772
73018565
7280819
182999
19857622
485433
40600749
21864695
30501789
49464385
88909621
40391033
49132960
6040396
49633723
14868
6123497
5037
7777110
56077298
4766534
13848954
99141448
31058319
109053479
7720561
57742099
103276481
79686317
41910778
97967298
19158691
84641636
198067334
3013195
5531326
30883219
3040897
109032819
21338118
34571223
509924
510469
29467036
76603103
128531
28571123
44560
66561668
5146526
10820184
39823144
38219698
41865181
18599313
71309529
157175661
21486596
8068315
2236569
33110691
18582171
110080367
10748270
2966
75406982
8284375
21977764
552578
128419339
19777723
15077566
49026115
50232314
31051316
16463127
7789259
10847565
18332203
12353963
39647639
26068325
37835825
58509
30430065
74699033
191891792
1006523
109171674
184304615
56751954
31002254
30941686
160384068
8082968
40356771
21959420
7279490
21257
30301775
89708434
66459
47114010
52237668
16102848
15263587
122106819
10104
46289055
38969439
8266003
8284350
8100917
54349209
49131605
85445874
31168281
229786
67104308
41319013
7236552
18499174
377742
8429807
49108883
191943994
37383185
8328540
97189
49643521
34546275
41437069
21985142
216060773
10649435
49097794
49636819
7203830
10144608
189043743
49052322
30985732
7784368
56911
38900177
117537318
10802303
41884827
81002101
16356009
7814245
49631450
13224910
23119356
10819358
138391888
47989352
18297
503
44478250
44890446
56696329
27152846
47961078
566199
227186
44195
13142150
27885931
41894319
2265
97260170
97073499
62391189
30119071
8535815
21967970
141536883
49106390
49998345
557469
20612706
20368
9166934
29042508
14290363
2085454
72254258
18122608
14902746
27145741
31240534
7831713
8101356
41903391
18049837
69962025
63687821
65352014
5472
2461700
4621296
104383094
31389403
88370710
19092325
181136711
6665
11003427
10674081
50230376
143612674
473677
81350634
41796
27674413
477651
38793446
10619029
33801184
208636404
26904274
143192893
41782916
41868125
121145427
13555894
59743009
58668202
30600915
40169698
7246908
2984621
37532383
113910977
54542709
8339034
46113689
147092653
49333280
10642180
6951461
89823015
94670519
22538916
10578080
636
5330854
41194922
14199
182999
11664317
78769658
23412514
8310252
27326259
13284126
18500422
105849937
85464620
81588683
43268
1495693
40227260
28855
7926358
84327384
19633
5876
91967906
38372488
69219468
31632624
55825933
10883778
11638
27678487
58437461
146272922
78123799
161582838
100236730
49645311
6992498
51100395
38834002
21699904
89800571
201319607
49007876
103546654
524765
11694546
10667718
5166
130340685
212138536
136208045
37962677
111420043
50435404
120004099
28414
16806953
506138
49057156
126703035
49838664
3072359
39563580
26540401
11235441
9617572
7548543
49631597
179057425
22791678
85803109
10744930
4870551
827
34557703
21878300
6441
38147099
38500444
86408361
108502752
7237171
11339
2484364
31974
6505444
10816745
36126231
49039426
10139364
20419395
10894
62138225
10856038
226967
40170131
37582575
31054622
6898288
114709362
7131
10799745
38461896
75238778
17595620
134153730
192979792
11107292
10502027
5141312
182581
112443699
27521220
44167
183024
4551771
33157791
38456288
31730674
87990592
15404736
21463181
58686193
25685
3810206
69941876
28511740
10594895
107698762
33020589
41838815
49121412
42390995
41210304
458037
122453090
39244153
8284350
20611349
19926
29487701
138377163
49109952
182896901
7202122
114288509
49148238
40743468
12063454
10731841
89839092
15635135
130939643
79211419
37873166
12844163
31089406
8284351
99887687
97433582
22233814
126
18025495
8364034
26013336
108873919
31053749
9163841
8168321
3377673
1497461
35
188236507
130234549
68562
89821229
19885515
6187634
28229
8101351
549872
46563181
27663917
29948083
40178999
27803269
16478850
227206
834922
18048543
10816540
9683591
21841866
2639255
18096420
60788042
10600728
18290
38651879
9275667
8101584
66773976
23899432
41853127
8284347
44562
83895315
11716671
170876594
5166820
10802165
48
92746686
37697370
89742606
16205128
7816451
136406547
178247224
40685724
40663
82062373
49033400
39258966
13283481
72380498
8083078
89824298
77118970
28529691
11156510
49147478
174767366
19361381
42444577
12162258
10111827
27678487
17363477
115586270
7847857
107975846
7261440
46180344
496857
91281350
69762217
55373836
56782264
542276
38528664
17720875
89814973
60649592
33131290
59299249
31069970
78651668
8328542
7798466
227607
33919057
89817657
49148419
8283982
8283981
42431928
46531407
46681309
51178956
20401895
63840504
13047520
54738406
32151
67857482
20270887
70200038
20470254
67335357
514341
49117929
8284335
36726987
70
48222662
3204218
96368442
227206
98159080
227206
31063504
7743944
7924488
9555265
111987097
44409
26435773
64949742
8101376
18472643
95043189
161173181
39858707
7279442
4384057
49126872
18297
64492109
17962934
302251
34635
102620056
27847343
94255157
105409368
22045808
52919491
1468746
71971
35696320
33172918
49119146
40236081
48935705
53608011
109469419
7868544
206279146
830
49014812
37258652
49632889
10308738
8036825
7122492
8101389
75461770
60974676
4300776
12025637
60340407
138120542
49099693
129411112
37359519
8265992
37856959
49511767
167512161
49139570
108473184
86980409
47932963
8100958
1727591
38434094
149
163485289
7379690
6524
91950793
8103847
78280498
41873858
506778
490425
41161348
4824
108903892
29270332
43183658
56698707
41851614
49433372
33815
17339049
7996
38608970
26002071
60733
16075278
75451138
44563223
106726987
534019
59060007
37972302
48111457
231273899
6310829
87454207
39407309
2648204
1517521
89364983
15460873
16786636
2044840
80951753
41812064
4748
46899
3775487
35443253
31036170
14452115
77374238
27130334
40197233
67920851
14936442
40934073
6821
94648778
21866588
10622036
52286642
10598476
10403541
2835384
86962788
56661326
85574969
41872207
13383
49094849
135652036
14539806
385
19925024
227186
64552618
43022705
45911510
25574
18096167
112627896
49240474
36737336
27144247
9143836
172635
7429372
10681566
47977593
11025845
49623877
27507346
46055405
18541797
34718816
7291
50593066
135732453
10672893
67844525
44424493
555206
77437659
31890037
67428802
88232179
502458
9638997
103963648
36332987
3403443
10621759
15027591
25126688
8283967
4824
18096196
58042364
22027222
499
59489095
568072
25530996
8284331
11794218
80490
57427892
37794077
26676245
93994318
56434
7269528
31372314
7233214
27792072
31080014
7209828
46350178
1630
27180557
17092
19531615
78863679
8265992
154815919
40736389
41855926
104953
136715048
44207
56092737
72866367
3021243
87435497
15714990
61007141
129330750
15592972
168052126
125322455
19993307
409
494895
86230
486507
53482321
24720842
12879652
59790076
89666035
64444
40296
7276707
48068
13780203
89960815
52195141
37832
41827213
24191
44208480
16030028
3849747
3958
51284384
18632448
525925
126584673
133019198
26758258
13812611
25912291
553295
41881304
2632087
70069031
451813
100616676
38615313
59377327
8101332
49643912
89765946
82679951
2392681
49655536
102195482
1693
47939972
3174816
56140664
155347
13346
81914374
96339460
41976316
8283979
23419
47929920
10575004
28712824
24403352
12510792
509926
44911
26838322
8283982
7078946
10901455
11299850
15361489
39914161
18288413
41271141
28142439
74806852
64656229
159567
10894219
4079
108189984
10062341
13707406
87120521
206418225
26757492
41899992
49108437
84951113
3317535
165150200
10196
158372234
44555308
183024
32844901
55564690
23082053
11780519
96100860
38433470
510355
43729462
13055
51868860
86041129
103865561
67844597
44187
21485
49633940
10830025
2848
68305380
129069041
38304736
20352378
14970648
37057932
15327441
194051308
5910232
74646708
105437708
23392908
47453202
227166
21166
49089658
62889612
49652065
10874809
45468018
161062
5383070
147169751
75577742
100687487
938
38353486
11715970
41780065
19880886
30189927
7775608
42792231
37851803
21014975
538704
1017511
18049708
145242542
643538
129535103
49127164
49633783
24048403
23386413
6961103
176075384
27318971
70038238
1619
121248350
4278
76463709
23068169
49067241
38573963
41890679
126738489
34991854
46894710
40960810
71426676
15226129
48402829
56388598
34435791
8083597
23926985
107865305
43094831
7760851
57883137
36760370
93017532
49144403
40456608
8100917
41216178
63114319
1418
7769204
33615476
53879443
104679751
40735583
28149
40194784
88355993
8662813
41898342
7695329
44585999
31984352
64229038
56496883
78994251
54186819
7279494
11703318
45975156
67410365
48784485
1212
6775
78119636
27658383
1461047
37841714
67
15158
43642890
85387782
18605168
34568266
140969488
38980029
132311938
8101396
44147
27975449
40636
40705565
14849
63366059
43228281
484279
66088336
5613360
8101336
97343596
8328542
68673975
51255056
7777049
93469249
61221837
17659903
50763186
7801187
40734628
155769817
25260574
70755882
49658832
19793
59644602
83183319
36494176
49538135
21762874
26549
33993774
4475560
78592239
101393573
21985136
31122101
3823
41852330
184492671
124922354
8265996
66413500
59059555
27134464
59600
6090194
61952077
174919257
10868
3211912
147826371
10953
227206
10615370
114279302
48725
68853811
40172230
4420716
31632253
101970662
29584414
44659
49019801
40610143
54752460
27540
3042586
4238608
53254160
190
57600285
53659733
111197102
7231265
153000979
40590226
14358609
8333885
16811233
119252491
94282929
7886
8328542
109135614
118215750
10860042
121766201
56951255
10418299
39699582
9082240
6445798
140776789
71564804
60700585
12308419
147077163
17985
43171521
71847450
25288529
27653453
49119300
27964512
16464
41795260
1841566
124434306
103689
526704
17991066
38369347
31586873
40792192
19890142
198665347
78384398
40737692
8310556
41896167
15562
23309704
1295927
131513747
148570596
28164012
10934158
8427574
70134197
492839
61724487
503662
121088090
121318110
2754025
68414704
105105303
1437503
50805115
94591809
7783077
22643858
49120085
50430291
114720787
8101332
44217437
163762446
49054299
15538124
103451843
35218597
38470245
52927566
10333526
16768074
12321431
57787
7290069
67295348
47920556
104463210
185539996
11275158
10414
8280140
48042274
58750842
169505576
17922644
18605125
63039815
91603962
29095819
41880615
78944206
47897
1618430
49091893
57746578
39334765
12045
50658403
93469244
50230328
543046
37788818
27856784
11164904
10854181
35609693
67558427
21963789
10869145
23259756
77700606
8328538
51882648
38440218
34904452
27111264
4348725
8310257
34236593
6571115
14947
40168961
11800873
15397185
126320254
1341124
120608771
2579526
33576317
48048869
48885473
491627
102862258
49643011
41876228
8283985
44154193
31186702
7235536
27855382
114874182
10871886
175321217
23057342
142795259
103537876
177288508
44783826
153825573
352443
10850235
15527130
67865175
87014046
49057362
3005
6558
10669676
10571556
12520197
93435159
7772782
33473373
19826
1041590
44563
124233883
9934298
150645807
43238613
18848
46739930
47155148
78111411
44207
89816931
83286389
93687368
73692389
242519
50687493
49336320
76670832
5637993
1804108
17922640
44447127
64971230
5605859
94369411
13909951
11196775
41863090
23194
66245562
87520803
64590549
11904033
56146072
36949136
433792
49148298
16521798
488220
88305432
5566846
18821403
27153086
54877515
488
105326285
49596678
8328542
15845009
131329
2178
14673701
31162584
40691776
153357054
40363
61450654
48165305
41871027
80155374
49548489
8310553
2798425
8328542
26009978
41892397
527405
37378637
88357845
70054865
200570
19369279
7612
43825992
246
45220545
47246831
226967
7255960
53218
17035808
70072611
10899465
113746045
31146727
100067279
16008812
125909232
1964
8328542
57134
3823
10778263
12050
8101387
38363116
2733
23977858
3308152
55292927
34172767
25783723
21818094
106379523
8328538
157295289
31166088
10600144
8284335
57609661
27680736
7274702
37771707
80261557
49012658
85421977
3514
224366771
83340838
7074
10715152
107088463
6665
80792807
49708561
3360021
73478302
38146305
84171357
112748183
5843778
52993328
62011
45393317
478748
62949063
2969
18519
43568502
50764516
59023887
144579170
23077384
19137
568129
49142785
104568970
2566137
30577443
301999
3067
40172757
7482
31008926
11969
40180720
12614461
67897446
105552305
132955031
18303
17199677
84946659
855
92962342
182999
11287436
13255426
2900
49433396
27752547
57981
65906598
8083050
471379
93469370
10637638
40678810
126162727
47920558
148697286
8079795
3699
94106
8217517
21966722
56566802
21980388
38340282
133860716
57493394
67067868
11098658
8310241
16164111
10748658
227206
49140794
7273004
83796454
7239299
49433396
57199
20631625
25650226
31655236
115726309
533461
10515303
119785142
97365829
29082
49645098
21969490
18519
166071137
18290
130818112
38731989
73870593
49102577
77374238
41885323
9066455
21963987
16596647
133536327
49130667
1952
97586633
227206
49082858
150115073
10487417
32106978
130107
187130870
42480606
17997
2416
41844917
97485681
71301208
89800946
41845284
11730738
10556540
87758811
141903341
62415682
7147426
90675986
543996
46157024
160697344
107317155
26166418
12345281
102640713
31055691
271525
89769781
18303
30518101
47955424
28696891
227206
66480884
1061310
10843526
89797120
69737622
28850709
77374238
37320739
14133
89814764
13598608
60952
12903719
59292
100773199
95315832
6171269
7449089
13449
38806403
45879102
115157863
227584
119582800
11323946
68847075
70170294
49844815
42265283
141190734
5970
84249782
38720122
75622295
89802451
8083078
8101356
79775065
71836423
67863244
227186
10726799
154243328
8284355
56713547
49069310
7379
8284355
30577437
10943158
30423453
83983
56771
1201
38373858
122780965
23213636
62988751
2900751
4525
33196910
17794115
49052275
10745344
7279466
46880978
10922192
15800159
191707299
10773806
49719
18887813
60409183
49086161
91717724
38431395
115191751
213328449
39939
17370226
65510169
209829458
85356615
18097645
11122571
21942381
3545230
49082764
51682179
98143760
29452991
21979356
26472030
41941697
71517718
85954354
40873777
93380488
8266001
216032052
1291424
4710649
10689508
6788298
6290575
38353239
152151
479911
30374190
204250579
49057358
138805431
49741
89258235
8310249
23402441
8310252
24643111
41855631
38646152
3314362
78949940
7411553
15124805
74651384
7731719
10731128
53581415
61451090
71805086
85191109
111777458
42259884
40293232
56656985
506964
48859867
231
8083048
20171239
504653
6171
76237635
7798412
21398680
120891678
38842924
29975744
4869
45633430
7204711
38747384
111233185
99556067
18055769
10677041
38996677
52570085
263
18199401
49057388
1285674
24482
66077327
7701725
39236288
505189
26828552
89812448
87985862
121366877
4395095
7249459
8310254
71071310
32904574
12654621
4624087
7206
21648403
30193035
33067530
20650079
78248126
20731486
12659115
37854088
27782076
11110043
5096
25929326
49137919
75221850
50454685
85423852
123558785
67844597
30383081
27664497
8083186
5444817
44767885
11730586
4221628
36324967
38203771
95010673
18969
88830441
20378146
116440007
19619591
66825703
29909250
72992278
31197595
5660624
13436582
154925235
26225214
27144702
56637155
8328542
20425
30971
31191213
86115377
8328542
8101336
13145327
60186541
68360653
530781
91211064
24037
20233756
35561507
203298421
33097114
110425609
7695026
8266050
44207
10790011
38684769
3699
55084490
69636399
38009937
46562233
19883662
34544635
1952629
40636
81986693
49126641
49085627
18030384
85700063
135571299
27678487
87259905
15079996
10820757
96545904
3207765
7646
18587222
60634523
30981397
31158029
106270650
93178731
50095984
62344548
69505791
37886651
27142102
144988868
101202003
120808465
18303
524
23871823
8310276
40171304
36504076
186873316
1149734
117635182
15296952
72294123
212549
57373199
11310148
123970969
9798
29411854
57205
36017318
141857759
7762461
59335648
38528889
33400702
47069760
33339844
539676
102023953
49029643
503070
40687060
30203160
4404
5868856
56412968
56172485
75154586
122826694
85586029
62390090
41849190
30576531
16834236
1320627
67022604
13843074
23095362
12078122
22804191
34706670
26295052
7720561
49089296
27666765
34678591
2718180
68506587
88469913
110689046
30580045
2066471
535451
24839037
120036834
4600729
40166308
95365459
8266047
1114895
89753038
523885
42894504
77998094
8284331
31096359
67990164
93161848
10709861
133609418
224050831
353
139303193
8491330
45743176
33617436
8265978
12630973
1231
20511112
148598351
8328542
49114348
18039286
486495
19788420
136050994
16196792
59319756
182381523
47962048
75189729
94185734
44187
168551157
18297
4814
21925354
94859558
102481108
10762674
75579961
49069153
67194782
15816700
63015731
83591621
182999
41874440
35919858
41879585
56796058
41042701
141004670
76826948
31011499
5630648
25638671
47915188
1618124
4659
11684420
61916
40175307
37193075
49573617
18041492
56804014
48058650
72990650
40685068
49654818
488232
7772195
7257804
67865097
2113
46797563
15094121
49709583
15006158
56817078
19671
61008282
23028192
2344
55636
22155958
8266034
61284
1259466
506077
49114590
8266042
6112767
23115672
26739753
40425890
23117537
51496
13940
85407497
126620580
10823312
426059
76813953
27462657
9413
27643525
29794776
210
49657159
133821505
49658196
23608503
56500
10979333
8083035
509924
108264982
13282676
15857467
11643116
44402900
11594122
2792
46321910
1322
29987115
83744615
80707012
61859906
6405094
40173524
218227932
56179345
4412443
40170716
32293934
8284355
9703
9565664
59687716
2686217
57680398
33531505
4900
49106901
69320176
127136320
49640420
11229791
7842666
56159190
179883470
33270733
10758871
56296284
520897
397456
11208983
41831903
1033482
59879410
88745798
7731575
23546275
16489163
202174326
11168358
15727
12882458
45377
148176422
7731586
25341968
15064296
27568149
6976
6896
2048
99387755
40699404
33616528
57144
33973118
114662673
7239168
29895580
2918653
110927146
24239
117428247
8310556
37787903
207291589
119040167
1459122
102617008
44187
19627168
161707697
157928802
42797665
115365798
135345955
10849164
5622817
31096438
27135213
38337386
7774838
7738834
10179364
7794901
31204785
7779712
115456955
107787433
1073441
39565695
93468037
1977182
55924956
53094
7280368
44922474
4192309
536888
10473267
8082972
8016905
45136344
85730750
49133864
7604690
2954857
10528322
516299
78570690
67849391
49104722
3000
60044681
7311201
166259998
31249657
10721375
64692147
25217865
8328557
54058470
217716874
27136511
58774387
37844481
41733288
183024
86259
49086120
44249512
40165566
54735379
89454711
28460019
10791615
27118330
485807
117086310
37478285
38911260
16089143
48659898
38487851
33932368
2827
77391463
7223560
540843
29636784
59457332
32276
7124421
41902198
3005
2443100
8564606
10625596
2180309
227206
158044980
136224877
1974
102437844
37128686
30641172
85501804
83042399
102744120
4065
28571902
11129
102653762
509190
530772
24452488
33926574
21953757
7312460
7206
44604784
42377257
31064609
538002
19910239
627575
56819474
44560
18171
86174353
19883579
58765168
10869313
49101515
35607026
180429640
57689
72331502
41892425
76707811
1190198
37611
21866184
20876490
106154603
152701606
10799349
186950829
83593
55530
39526898
89829749
7786458
38311399
509924
8100958
712669
37842989
7263269
8231364
74829274
99467115
14038
55121885
13534610
16521157
106998338
84296154
89818173
21979456
11306536
49090697
21362
22491065
3350263
8230
21740230
20633322
20369996
27053826
36401265
93469500
15088997
81804328
12564
20321103
49099521
49166387
111127020
41808648
20587891
49559006
3343337
552144
16975
227142
73358258
56578803
38857807
45153138
204996369
12045
55499
89830527
28663
501130
43137908
13372933
40719049
45754247
20547423
226966
8310229
38433933
58654793
50242834
49107112
59641602
91407122
7279442
57535
183914392
39406426
8101356
44296352
18593080
8284354
26996022
11268476
49137740
62142645
1610652
23967841
49475590
59807423
69124600
8101356
7706133
21966737
19765862
40696123
8310254
10710320
6600796
6101739
89503147
27673265
111
21964079
32946229
89337656
91926429
62303909
30621261
46490226
15123408
66238903
15859541
36081340
17984
28505664
124850714
40169331
93000
56136705
7784320
137798515
13604839
74674
6501841
4453149
115509505
15372407
38045192
115571195
7743938
211743905
7737777
28254217
49576799
6846583
47980709
179888249
68886558
78903697
22450347
129205193
2412115
38482471
30321
97022
56831182
43278584
114428744
31050382
29266669
182999
58605606
42299725
125875705
13709733
29161056
12828299
7798430
2898547
11725179
126347523
64083668
129917244
127155780
9679227
39551906
3699
150689569
113534792
37782168
173277607
132075189
8265047
171374305
13954500
9123372
8328542
73741656
25158517
2053
8265996
70189976
89831148
2550696
17529951
49078888
40673668
10354167
7251010
10180745
41796531
12292
3698390
50450064
7257842
10668596
24590017
89749479
16080634
17624939
26422811
16140
38911116
8614261
11910465
87124954
26725
9086417
7263896
132787486
20555884
52665907
60534519
15298
47944548
2105
11030
2323062
46456697
85434032
93469249
48883748
114642065
10698368
83283519
146706
61059134
8509
70452816
31386039
101552777
13557712
7269385
3282
149621883
41631141
62978367
6546561
77870936
51496201
2241725
67294604
34074841
40718117
17764298
56952061
182999
32335220
65063487
64003513
27160109
112926456
237588746
100548874
149479671
102907271
20914725
95639482
637
38194826
9640
49115432
409
535
4880518
29378928
54706960
26
49633958
84319975
91884124
28712
49710102
52849
11555689
21984998
39226751
82906435
14437341
57285584
107647380
37939847
26425731
29480549
24778391
49014067
49154330
64553343
1763
155407086
91362430
142868267
27678485
124846232
16636809
155560474
43973830
7285543
8880
8101332
17329481
62256090
58366803
120305
27282323
71928021
51262101
49660133
17986
75481873
40577582
88981600
26848648
26569896
10886596
52580951
3648305
81167711
124544104
37858495
38131098
10685893
31063125
63921647
6700689
265274
25016330
37450524
11078259
50229152
11251016
32584306
27734777
8266055
116262913
15172235
37804877
154040360
122754348
11710
2252171
167516367
657479
7835219
811
15992490
67866938
27175934
21985123
7074
21662625
38652584
30581364
8083043
37823047
109316919
84726870
49080984
31077874
8679
39414
36087327
7254616
8141426
249
49096455
40179713
67247236
56377
37317435
93165864
10741949
113386149
13215408
153763829
4275212
38424931
64500786
7279514
50084
5156
79814879
26825276
27676393
62321570
30836640
76684139
2450889
69959476
30600909
7266133
37427385
8266079
41791014
100641455
12544377
4384
75647949
44316715
182999
257509
110646705
103899302
49615315
93468913
1904533
14836991
26348069
121425201
3300600
552680
8328542
18129
41435573
18770045
11328606
1609
49064504
46647593
49089196
59512
7279494
8100917
864889
26494188
11162823
21262239
2499
65989609
88879668
44561
40279948
8265996
8266047
20924612
11806138
52458038
490545
31142627
113333129
156873565
80667102
106432693
8101336
8541359
8310252
15752
7214493
67850966
502804
190005180
8265992
174753076
10145880
101404586
8265841
97442481
3492578
170656
89818173
41713755
6855829
10697762
35837915
21902167
41200850
20375541
49141858
11286347
49642771
543060
44737964
20697196
5558
159013099
17925579
55084417
153186656
47142290
4550899
86952904
227174
8283982
123407457
54952281
123650863
119096539
47911034
7202573
7253392
45837458
47957126
6470086
7219471
75918837
37959077
96524683
37730540
20303091
42210
489240
26580232
8101336
14040430
144689053
24528423
10846243
8266047
18136690
81530976
30267187
535123
7384
49634053
552130
40722958
43483958
8083251
191594198
4639
201636464
9052
10898658
52538882
45267382
7215265
6501876
161452805
55260
55718651
49493750
11820501
48286935
88038577
40173464
5874225
136697361
117174663
48719532
18225278
3844129
146970176
30857
8265982
7180816
25436
30600907
93469087
50751152
10665894
107110707
49069865
56491278
58516
26297519
570016
1974
32886132
77614320
41879201
47917
2919120
45795988
26295861
84093836
52120660
18066906
32359911
11773991
115272353
26718533
30601274
49131105
102316927
28982858
54029106
10889
32394643
27678554
36166355
18052836
32099
8922966
70603439
10835490
49650075
34898
21746480
89596090
45982682
10652559
88149989
7777050
143494943
89821282
27169920
43514982
43433005
14969364
26764551
12458473
31713426
11087527
8283980
102603214
53494242
561963
57699
8310246
149794495
116625784
18412582
102195618
102630974
64748386
136658674
40671109
1927067
27678487
1953324
49107712
39757703
40180033
3813624
35965520
16142
43774325
183774831
33485992
336
6469067
35092
271315
1613587
36112821
7291189
38503024
20132310
18607771
113592155
35621305
26937627
14273351
9015480
27690687
50230354
7264518
8800
89748089
8266055
4756534
174622
18417427
37887452
89825714
22209
56724918
18297
137186345
49709139
97885226
82050813
30144874
15129016
10287
91045664
163868
140081753
17984
59721241
37884759
130962298
58641452
77009342
40730371
49568751
72734107
60515469
81056427
62269444
30046991
522017
49660947
100533184
8328557
8897
5854182
63961534
49017141
16987855
26767680
17338290
49123041
58774714
31050181
25159736
1872006
10753466
24978074
182999
756
89821898
105967071
509920
6411688
58101314
49110926
41893158
49628131
1208
511679
65262727
96291614
340918
46446542
93925592
38733
10694743
61745968
37841314
17721384
22263841
33254670
27653575
145
4190772
10709215
7213025
10643551
14996077
41892335
11422668
8101336
7612
87134377
28101629
43544
7878638
14507521
174864375
24605925
500186
8144876
11301038
41481188
5202533
49077414
71263048
39533828
2469335
82276831
49087386
49154355
64362014
8266042
76861268
39888966
32823151
27658921
508554
13921833
7243880
106967287
548287
54588203
37412016
27802328
31492045
38418409
81026797
23622213
536856
5427610
60434
42039060
61696348
52825
41227743
108976865
11988969
33938402
6510
93470142
77706
21985190
25905226
49657508
119734912
59720
4546
27930934
7235121
21591717
36010111
31952951
44441450
37502555
49504860
3357923
22444294
7258898
164050
49148398
27070532
93640639
270129
40833684
29105476
11217221
58083147
41790814
7198248
16281086
58207047
30915292
49929800
102123120
8083078
181644442
108986359
127089146
8310252
10819990
98959555
46813522
70117347
1829935
33742368
100294016
41857175
20503
72967114
114647844
3067
97640174
40171072
40698372
39835635
49644323
89559496
41868924
89320329
49537763
11851705
9979945
101654
52676331
18087699
89834001
8082968
20363456
9290549
38467494
31752222
23889356
11126586
23334423
95076954
41700495
45866872
32573112
17687607
81122620
8328542
10602170
46051467
146717857
22805682
21868125
47752533
38820732
7777617
8101340
165
16453109
11248598
7211609
125041163
49586514
51910156
34009424
57169
128669379
41327
69516239
18605136
77018279
49095442
49146180
7242403
117427462
28874316
96795491
49631244
36308440
2994378
211
24389572
49085051
27905787
37811329
827440
9321644
10823315
44439
65571986
176622236
34329397
130036907
6088
135021943
40725591
53454
8660782
35696714
183024
40171732
98126821
25495989
41850836
25515524
6466
121
73084937
22305
13724021
4509
16095984
37372
10696112
23651168
22238197
49139236
66052587
40368259
64533909
32684339
7186818
20386844
552298
49649080
19663096
95
97327855
4909310
4838541
49109952
20435619
31198932
7239073
37460079
32096366
84152704
44647111
91188555
86927103
42019218
7207445
10877741
33182761
55137751
41403
113777881
10928971
31134874
57175327
84902475
56684563
33809
8310247
76771156
14330823
48184705
38474364
55246133
20256001
67866877
41783009
8310254
4736
16138
8310556
17740472
4541878
41862506
10438257
10109
1112357
59392094
49659650
56727247
35499088
16479
19934769
34257257
125882554
41797905
109507935
12039
33083050
7484429
18481770
2909236
8283980
10694368
23934833
7767
48027580
37599046
10984451
49657513
103750152
7771871
10703475
88703669
89820496
3991
7234324
2220
37638639
471359
89179548
1179
536691
43086476
89828299
45529962
7885165
17962494
3741
87329304
8083048
37336575
67844549
51131779
40111083
22387763
44207
8083043
7253563
167759173
68794124
148138337
32943993
49647557
2055604
116497824
26597234
105139898
49619341
99490
59921444
10446149
49139880
82204
1180423
40845061
75591790
183024
27116003
29731178
89819348
39226082
49656519
26875361
71417094
58519758
64978750
106477245
227206
186971673
9172322
40712158
68736280
127351615
167063570
43105434
23909731
23382000
166289454
30674748
2231224
40165003
2520
79147489
309224
93467916
4699460
76932237
21166733
2605492
14037155
205728430
40179428
227174
75929837
8310239
40690610
31119759
70751492
131238591
21629821
126791115
54771970
66484381
7161601
20177555
7269244
506138
5603005
22771915
4191562
11623138
92949785
171794109
49634600
113253803
63618530
1314797
99030153
137951613
49104302
56793187
28112
66824642
19074291
32437696
37030549
18606279
29612412
18097956
34718409
40860953
10834047
2879169
25053
18150
49634220
169848408
70465679
18543886
185624459
42982644
8283980
14432797
37848178
94039775
6507662
41858967
8284375
6105
28026412
43320487
10838903
219168175
24264707
38418095
7231836
29294777
197989580
11718417
40732075
74003337
7237824
227194
36364
49099526
89825714
18477573
47892746
7279418
106815273
27117853
8101356
47924877
47957043
15910446
132107511
17980
65377121
27
7833277
45009941
48
61556235
10476117
21948681
38785321
23365438
18297
58651547
40689204
34611508
28983
27767094
4225165
36726
37972876
47185
10560478
10826245
21578851
82641255
145269
54126617
49068750
23711034
117794
75532337
37872042
47962766
38740740
7218640
61915699
1957325
189918581
17798983
122552886
18072383
45587041
40736795
10667148
28899631
49568649
5420035
129859520
66229044
37829285
34038761
9560
78109126
8266042
132056132
49627777
66684309
194832219
21695228
87705125
8328542
49706203
1191069
82733320
8083043
18165095
21861223
10643542
1213817
49082489
10986006
49149753
41858905
31266236
124608311
474483
6637
545519
154080735
17975177
93469370
8265809
2616936
9329
24937673
63463566
70881775
140233866
54873343
2985
7777028
8083258
18090076
58754583
18082601
10161116
28295820
8701
113462136
62485377
8099460
49086645
7819148
20973950
30875522
55484822
15867092
227206
72826621
34684
12955461
38419065
22378118
79729707
54663952
31806
71097287
7194427
81715951
24167
93373335
11840122
32659590
26961
4682367
4799
10799623
84349922
3585921
59413064
93467916
132444737
7204576
10666024
9824263
4898
54903075
51254287
90977237
24670076
38800397
27133
100571180
49643454
111709711
184374634
31060850
97960326
198989150
41879107
581276
41894641
94933
40683098
90985126
6656
182591
11980227
27676736
136280510
214564818
600
36766614
49126730
52423246
7245968
40734951
88950469
3959888
141958045
41813645
39449509
201650743
93971
86773411
101194479
11288213
89822227
31217041
35646669
13664332
8101336
49125411
67837768
10174856
7102047
38117401
34121262
38452760
8328542
101452357
8284355
97818856
219924033
78529774
10094583
8284331
55464101
17049680
4293485
173609496
2828
26878134
9077959
21973835
58779365
11462479
45734996
8490308
10018
7212192
553803
29744159
16067083
50678944
58936728
68086854
45518777
46784700
31487156
10702633
93469370
38259963
58
2612403
40065376
76619233
132068117
8083056
18605526
568545
35619
58419156
42753505
18004
7246399
33931401
45546087
182811756
17413540
8328538
49101869
16546754
157974885
180092782
121688651
49081829
8283985
49631896
136705633
93468037
146898797
41765813
22573
133291615
101189645
101609006
42987698
21860695
73269
31824866
49644423
92489078
75056392
10390280
109195981
2927353
30946560
41849319
120446
7821835
124567134
7348361
41803344
541997
60624895
21283793
19735122
49152698
49633783
44187
82516170
8310229
101263777
21957553
49657424
101766996
93897
25570958
49497504
9328344
71425541
96780
8935
32864314
89524
98382494
131545364
59287924
42287239
34271
11136557
10899829
4680019
53061979
533142
2488
39976188
752572
44207
8083249
41761461
40687060
227174
515346
2968
131007653
20344662
139941524
9693737
35517395
33941217
20978228
10050
1693
10841223
91505457
58766481
167112399
75597192
15322373
30571094
62034
96348
85622106
49088452
56733300
53787
56219012
49115427
108075682
43970
79912890
49647960
157717685
10740859
43977600
12709656
509924
29956569
18319633
29651633
57991147
161349189
44886350
7107887
8310229
16769169
48585679
9126772
78534464
12161566
31820443
186838
25141299
56514796
275177
3481736
92908320
63597696
87916472
82356574
129912483
1861378
10835474
47253863
4842008
95117109
41782664
182999
41815727
135885901
161994164
55840409
7253006
10710055
33977005
157303548
76415898
39209018
7246406
114343658
30577936
504135
18837064
23207560
67
49596680
972
38785312
4597666
47717084
49552148
74860801
44187
9094082
27744312
8284335
19924112
166266785
2707852
121623289
85924440
44366014
27177290
30725264
10907663
71056
56651013
91398654
32650
21878639
536828
15249522
6138430
169583742
87612715
21710157
156590
4938
89825074
4106
23108484
27613231
49108689
55012564
5016
10654463
8265984
6538984
77706
33233911
20205439
93715743
38399974
26787579
49633909
136332753
44234
8310246
20047144
52058527
6411393
14202967
15944991
7727672
13859244
185222796
9096342
10978747
8082956
56758827
111571083
13315174
11313178
59559
30978432
29982364
10033
8797
107343393
40743342
89730404
23233282
49525615
159617417
38933328
22937
161669336
8083051
17927847
2846166
105943215
212036197
7765056
10677751
54137989
8328542
94045114
60410195
568646
131462208
51299470
106062256
49103411
20369035
40142431
40712592
6472254
36992534
31851290
213442
41783004
3082074
8372
43390
11793435
40690716
58763972
14210026
23689177
7601405
84413698
11734606
10145994
25422
96595040
37806316
40205889
44744380
23162
49654818
27163352
75690790
41891180
159348889
82672059
93254163
17981
109667022
189491227
13212647
508574
93573903
41576
47948211
20197614
52326354
50314914
8100953
17908840
19482
12002
5545
1960
36442376
91502459
105156006
57054
8284377
111439751
99504234
13189614
510769
12297457
181802363
49635790
38150
131374
87504912
102635912
135886078
7291
66034983
31147997
49633986
19995398
22163617
9602
144514619
142561607
36908088
20200011
37276411
84513917
49097419
26423656
28480432
102137406
182999
31885724
8101368
124319007
27509059
50230344
85492633
27720451
27651274
27683427
60374666
12722638
8310229
21985214
17665003
49141159
105816046
7260386
19859609
49626935
18584805
8101332
40723358
18324042
57233
10634653
19923575
183024
62202139
3157
4917373
16185390
18048013
11547848
129388301
156175
11807441
27128754
34077979
49078197
56420895
74199375
633
31190391
7226908
18086117
114463543
37850455
43238097
44601947
13242407
49489578
86487136
21476
40684318
31690006
6609976
12826060
19945
47704316
49016288
49629940
182999
51394641
72732322
155733184
39823029
9552285
481203
5472270
3740541
8100958
137822454
26813516
28724876
146708499
3757240
29266
41901706
3057
511633
2975959
16128130
26160578
563255
45784486
13560399
11196617
18261075
15918001
41848
36396
7725708
23360754
110271854
40536822
10984224
32766767
46453871
38279897
3769576
40696485
2824
182581
170102870
19089
7231382
37797937
108459
116210879
34851597
58501687
157128541
16075000
8310458
8328542
10458396
72410688
128459252
30567154
7777050
81462800
58018222
51844180
119154630
100954617
74993354
49044780
91839252
9227373
52458
81417558
12995541
38046734
38434123
10643173
17016905
18571677
27326157
11312043
40168356
73461359
44561
68387
30937472
26685799
117600369
89777423
38410046
188825930
89160682
23824564
64930
99591342
5514
17458580
11221768
16019
2073
74159970
17940587
104992125
34397
146899448
10800438
44160255
7074
16336
156891780
35930982
70744617
10638720
44196398
34650702
79203752
12510073
40728234
18045774
106492505
47278322
50275513
49636977
77644034
49116554
7972200
7656928
567718
182999
49598448
7722517
47333163
45268660
137762350
77774033
6469854
23793152
62079742
30055037
49125504
89923117
238584
11806138
18605136
10701064
552203
36403123
49621909
130490
16959531
13692523
3615545
48100661
30909421
10016367
2528
140540033
78830510
72598293
10917601
121034089
43713139
7245349
10118235
10206335
7430387
67859929
551642
2096857
51
104787204
72715381
127767881
39370457
3887455
536764
4789639
7911905
28207617
8085410
47976218
50230344
87265468
71155736
49632102
34673614
7713472
21899572
84172516
75038012
30738944
16512063
8966601
3699
112632034
62926329
41848810
1467117
102371790
81029427
49635182
539
4824
41493250
34109473
69416871
21166
38433778
155672727
46672750
36702173
1982
100276028
46129102
7766416
68228134
274488
4998667
54126169
38960869
78948187
50826600
18096151
26215689
650
54548444
47944016
49768502
33701973
964213
170815561
13818235
67283117
45732082
1835
38446
17954330
132631087
23020812
5552122
62628334
174013
18052078
186158442
4005802
50657790
34023071
55151738
7223189
38416893
29472969
21929738
28975837
11308480
6335005
9463532
27202
23024
3825987
9245083
40174523
7074
99064089
61848566
4384
8101376
87480525
5618054
100343432
227584
49097290
37849711
26043
67805347
49057398
47929593
106912725
7727597
121972500
8328542
128597
41895696
2990
28251461
35551
556399
33504288
55719968
9254
93469370
5483598
12181662
26232359
556091
55937430
28918608
169984551
15870232
41882256
752619
876052
7201143
46527330
15858932
79983261
72532915
49133516
49144078
10470996
166372600
72736796
46262395
13020397
1687226
75726314
33233873
101655794
31089224
60385772
9620684
37239607
161269322
43284799
96677884
9831177
18462747
178444024
875443
2982699
133530160
135354993
218374399
81982507
35167628
49148632
11088445
53042360
50665
158164541
48349
86660318
7217525
18293
40694689
60093015
69628180
22304268
81581160
47977753
7293777
139520293
71251172
7279494
37308
11272118
4485706
78535347
9093132
109730775
30572051
22182493
80670576
85961310
61131249
146742088
26828902
813193
561193
49069700
19502523
17299082
105619970
47886460
8101396
23417031
45111863
87605955
163871405
17234
25522611
552354
31107241
88
57364170
61392777
49121238
503263
7265407
33819376
31177792
90421874
94770708
566230
63245598
18796796
96132041
51059
8144887
28478254
92937045
81515
7224393
4658
6018397
548670
8082972
108457194
1475
53190694
33959036
67328801
18471472
11268734
22769734
19914768
28068021
64606246
22772664
186157661
30252110
536852
3085707
7576238
78880150
20940238
8100956
30149824
155892588
227140
25586122
8284355
50904430
70082618
118128547
77240175
40695834
20169957
636
12542431
18678475
40175696
55050239
18487963
86775040
43351120
18195081
81287064
26933235
37844036
142415149
23306921
87579190
10963622
15935198
17963678
22255
47345703
56737385
54842879
3469829
6959613
58206073
20931
49125470
52083770
21413457
125220609
30784420
10735614
8547
530784
15486
8217034
114366158
93470198
49576050
119751787
274514
27707324
175272288
7814295
10663040
92977079
84317994
15256
6586
1995511
27983771
3360021
8265980
38765432
40731882
28256851
30600917
131175196
86636662
38498674
36608316
42326149
42063237
7838664
18056519
48305346
5781648
38975035
5466
10587364
62536069
558256
104443519
49083036
7755531
10611750
40686705
10184441
108683033
148036617
58779363
8245854
41853777
51651
32109378
49128509
43459608
87012650
33972170
35057244
85013253
8101389
41771480
16954287
78967219
10981701
127669309
7274304
10169525
31154442
67844597
65619356
112184880
58899799
8101336
146028704
7748107
62988019
65080777
58884
31030748
9144533
10920208
414434
12769959
180381928
42213180
37634093
157489404
5303488
7076
8811249
7780785
14618846
37534273
12615155
7785939
18300
18290
21966809
18082284
8083073
227206
81049651
84147579
10669296
5062344
30932686
128483390
101136285
22686216
111354846
55982822
27119002
59886416
12089798
20793832
41783004
105440112
27142098
32236551
130973391
173841238
16987702
73972079
35497616
57780152
7185837
38290567
18028989
41182247
45338207
18443747
7720560
18972155
42835083
61805
55446574
10775288
60313314
8283977
3360021
168158316
40225
69224422
8144887
14967543
115493274
17998724
8036
56405
49622727
7016016
138069199
360
38811940
43446863
44656387
172
1289
11657153
63104
204948889
4091347
49837961
7727607
30575709
20411167
28450614
707
159253647
31053590
51758940
11883
16068535
96132491
131343156
7666
17694683
24609281
30481
138511711
112032783
19174
89825074
68152799
20056738
11475263
30999022
9626144
27127552
10656190
45860986
23688779
12095621
40599292
49113343
43584091
41013
49064028
42735032
27670034
58596224
1145283
492827
81411986
44562
20510
14233651
46265582
8283977
16311
27137649
78540674
24630080
14892968
18287
170171162
19693072
7288851
8284395
38124976
135
41889032
49104727
41902109
227186
29732988
108537505
455527
17938632
27294655
16274370
11735021
49085563
13858594
17125006
49117805
23921408
12415183
7217581
49693265
66603903
23825270
7225014
134425343
17398113
38302777
39117354
9251710
135741831
49577148
48644478
98301537
21839840
137961641
50172519
135207927
37833658
141401969
188181940
128957620
51877692
143675485
4957908
183024
44468855
89829743
18088325
19475161
18042495
89833614
3005
55665207
90629456
30571561
167934464
6991305
11812254
4332
6824814
227584
38281212
35015349
49479137
4748
17068421
83454019
27803244
225377
56596410
16724987
15149584
54843562
93188903
38439326
7217695
70631201
18595319
9856656
10028
510359
28895184
18048499
564181
708198
49573688
79514270
30469894
492839
227144
49490610
48538078
118051
10748588
5321294
7277015
49098910
44174896
7291654
7849599
7636203
112222268
102244107
24959989
125254006
53273797
80556240
11232158
8101351
3743714
60051
1314481
22863981
161077810
524461
18318989
501585
75969889
8083217
79147540
49885
17981
35495898
182591
8083043
28152416
10697645
89817657
91164646
103123569
164206
51460677
524221
99873012
37359
44207
7282438
7213747
41837800
142074792
8265896
8328542
30180388
18094920
38438294
31070588
119753615
49103482
19875154
72659220
10818596
39053828
3667703
187535269
102665034
188841009
96043856
21721904
49136189
131906090
49106504
131898888
6039194
79018285
1951
20670116
49148522
159076751
13427100
44493
25901084
63058240
11190668
84523720
7720560
94350180
49154200
7748107
46850642
50353038
7403429
170078485
70767477
9004733
131354028
49145870
29131584
15331942
76593501
15973866
3296939
140286314
18599640
90300755
38347911
18543802
11047
8101404
117688537
2289
33956201
2039051
3631
1448065
7741777
27688055
21985195
89821231
213442040
18039224
116431
177583944
54640412
89810144
182999
124621
50741875
10764353
41197260
120653088
130417768
60121607
1954613
50326430
65
113962689
230961095
46173455
10776391
149604696
82349439
21985128
41192678
87416625
176531353
524080
8083048
100911509
32037638
38683360
134909199
8310556
33873183
8392880
1435
15999434
64592306
37743736
64013990
50230354
8328538
65766115
69034063
72138646
7734086
41053676
26029142
11181526
553744
41889023
7214414
31910143
10829329
25661443
116667624
59624
50230328
120669808
30563782
30416123
53859
120170082
22765707
10754869
7762301
41783004
6850156
14636911
7817031
37850013
610640
38210704
49633711
16345207
26745113
10933661
1855100
37812017
62742690
5269967
88956240
40691007
74892
12761076
21022622
41169089
135831
34002949
10284022
5738534
11009808
110868160
49658158
125693975
13782574
19891960
42626053
1624562
40731909
55699450
142107125
21349048
10928298
31995100
24194691
31640965
33048821
86251563
13147692
7279482
8953529
39645099
70767949
6000980
94402589
178894924
7758875
60878885
10077
10658889
56601974
25433578
44898772
16247845
8422611
107425280
58650352
3794898
49031464
5665592
24207
54871
123419018
4876
11806138
40182607
27529401
8328563
96389678
46800704
33249168
20228358
8945
18073716
40717957
39530780
99050740
1748283
49115437
4873121
216378400
43485159
63952106
67861193
213319423
24131876
60498082
54793910
22335
62432884
31209505
41840238
5015622
118965615
42329187
85699281
7076
69792258
151070917
32151547
4769167
46084531
7759465
20813
129718899
70215975
41209069
42429448
84873
40111
26830015
113229313
78047034
49914883
49634702
7394298
26542971
29374730
17161692
75218707
27678487
39735842
18027671
34801645
69941980
535098
27919217
6334525
61370855
51635367
35691
189544835
7206040
85070563
10576881
142962108
16271049
10713425
8083084
156626318
35181171
38337303
99887965
21964582
98608923
57335
119230
201005520
9929146
31025247
34513172
3238
49955153
79157091
1906454
48152071
122650457
1759
90288569
768411
27681552
7799009
40693593
39181716
111427928
6842073
31992798
31087619
39390547
44022495
67751722
33018261
517000
183024
142681983
6159
18099507
41866305
8901922
68163492
57013
183024
46140
2245
84367673
31248502
6332781
22022490
8083035
7753741
2320394
18305
77323799
72547261
3599970
18489399
55354157
7056
12258076
1696
7897943
7741023
56921505
120237959
155595090
31154215
7687859
534450
18454
92988883
136580684
8082972
45186470
85578136
41710185
42536011
54704706
49712
107319994
3251782
7671
33455112
90601350
49081082
55135503
8310252
41799126
56736382
4874085
7074
57114
10686879
27159941
44175
7204420
2779044
32691475
62201
12858194
8813230
151882068
10640386
64287406
80663594
40721087
84050956
11028822
7927
58083348
61593127
31556
123664042
112420608
116489970
121268071
49642027
5593
23881201
227206
8875
49082016
20953276
76041059
142838
31974504
734234
123970
49141159
40171550
64461
134063095
21933170
109006008
8082956
11649441
41174602
7881312
10867018
10809806
4040991
516434
40171304
67282832
89407102
3005
15862859
87640740
86209404
8283937
