31331243
33763
12002375
47984797
49755862
100
100368288
12045
178835
37840813
33465286
128506068
16072524
3644618
129735836
104373035
1233850
7609081
194602
78845193
4809
12758540
12045
34
397886
33488971
6801708
1454
18187775
12045
12045
20633652
8551314
10060679
4814
3745580
27862092
59943506
33405511
17770152
31049945
89892418
4814
78750973
60978706
12045
4814
134916147
114443271
70440377
342110
12045
12045
134911743
4814
35991643
92091
112793123
15937259
56711831
45621481
58009900
11795068
48707562
4814
3629813
4814
4814
2649839
2391
11803602
49124298
1767
18129813
11802324
4258309
88561698
14
16132789
21417901
3879
4814
18069150
59434379
169331416
116225765
6808848
1565436
59382457
11567
1538340
11795072
1599597
129813982
160831139
311731
190101811
14244823
27862092
42126057
27256760
133515478
11740665
