7825734
49052968
2873
1954446
46374682
1021874
26106
527473
8083088
11291559
29339616
7074
31203687
31210304
18043799
29160706
2584719
145850
93468784
62237770
93468955
40177265
40678834
458
26837990
7612
2506
7219589
7821249
155855239
1386371
5488388
52915645
155338
35138
93467916
25908633
55983
31226389
38685770
40683573
94131288
9076352
490943
365
49573690
7690840
117749063
19000914
43238136
5565
17655
14978
18605142
21941887
10771465
60184
13641
14152478
107769615
9069681
8283563
75777028
20197200
3295
18092912
58775593
93469370
127133599
71899716
56735298
30576273
66304762
57820258
1215
42833
30
18065048
30972201
133647796
73929
21903849
87005353
6612
31183226
7768008
118178721
41875767
44419
507426
38272959
64878
40689774
14741420
119791123
4275
14602516
29639661
20754260
90322795
39115756
506602
40243902
22505289
13856
18037835
61078897
49566033
227174
49645993
1075369
53597
31070673
116699475
79173258
41247013
8083078
18722359
965
38298596
7213340
10373392
104128488
27681568
14756
31820713
10613413
59460680
137286410
12478
17962666
110822669
511
72579837
133284112
50230344
493419
29467
7858177
7256705
46615664
27173670
17962817
10954407
7270457
7720560
49655650
94733891
7768301
46604
7833530
119588620
38351548
182999
126872
40711136
111157741
10612782
182999
18587205
8283980
7235356
93249772
49033962
20974
50613911
33010217
60434
13925577
409
38968007
5228
131269235
13202
100952877
57142
15510843
37807646
18087691
2244
49027607
73473161
4736
108882503
41765567
40167501
25534366
3050021
4571528
92830959
54885
41901718
80200624
645623
26709598
30960968
315
49117791
10552320
27119066
3994
546
58675595
57610231
151673
2927
13915330
60760407
49647822
22749
2153
63864892
38087009
20405146
31057748
59418611
41875767
168033637
31133587
14022992
118383079
4594294
7261215
511638
11684435
7239304
507426
8266047
49059550
49110455
29099
546658
557887
546
94839529
551377
4874449
31051438
50230344
8283982
4108
68333176
132869741
20970104
39747023
155001531
2990
7618455
47953992
69764373
17986
10658112
1360587
534648
25515
18764
1254
11315558
16551616
41884410
18058238
18155
46143635
50230346
91403058
34009799
49126169
67860979
3052
11262222
7057840
88535327
49003055
71465571
11300467
14706267
49107112
3067
3067
15663533
37585444
19540954
1930021
67
182999
2341
49430719
11194682
11684433
62139052
100242479
140
50230332
2065073
93318098
18076145
49138875
50230340
84464986
65444711
56
350588
60694574
123534
2023
12075
27145365
14404254
4819
47579160
155317421
182999
510667
18029086
120178358
157101676
49631351
13938309
7720560
8101350
93466906
1215
16333359
10584010
960
40163320
183024
24823320
26736987
92828463
102508344
7759651
67857941
93468955
57499305
63779923
10543
13142
30
19915093
39574981
20165
188198896
542166
132158670
750
32994726
49115422
18313
40729157
8310249
83237916
51534804
7074
49143628
209326835
6703704
95764614
121242396
49632251
49133797
6637
45125307
4819
30687882
31136145
41875767
83006007
37826138
10102255
57187
10549173
7235264
58430149
506609
49131258
33617200
3052
58506
68264654
49647188
93469496
18219082
7796305
49133661
7720560
19709
7751018
71178948
3052
49062510
89816340
32762250
7243592
16797594
191475
18090
27208792
78722990
55077
13641
227206
18084397
49035656
75716477
509924
49148629
40911528
37821909
74476937
23594166
49643703
14516034
76929356
49090292
25921908
7223169
116267291
20954422
38535
20748724
12110
17867305
49634015
816
509924
133654848
18088060
95318424
9660431
19716110
214134
72916431
45975180
45466719
533664
96187955
27403129
89828827
15548956
104672936
49100353
66387234
7886787
9653370
40205169
59793
43761536
68560545
7801801
3067
8328542
507426
49069603
66251290
52828731
50230334
1075310
38338199
93469249
1291
33160638
6616
30572622
18584967
579
49441150
67853374
31666983
195900137
159358375
34808590
16152386
19636351
24935935
2419515
2448
21836370
38743264
2518
89034417
504706
8266001
7176
71541692
218250108
18605165
44562
39501708
3810499
6197649
27018282
49540338
54786
54798
8284367
50230332
19622561
57130
59830
7720560
49149630
89240592
40949354
541908
15991483
44558
18504532
60951
64031905
4706567
28709974
1206
41887655
9241
98822
7875377
143725969
67441944
28933823
82694929
26479
265
108056700
40162644
23847397
120423080
6976
58764036
57774035
54104081
16242417
49111018
507426
173503266
78491091
49708591
1828533
6708
45596721
49094414
122356657
575972
40725609
38674896
66466361
7547
38430
37281399
19935771
11720974
75
17092
8831358
130530772
81955737
6682085
26389711
45515526
40695114
134203428
8059389
7226436
49093636
50230330
505188
20626687
15977
14017130
40893620
49142039
3645725
774
12042
574
450783
17985
30979468
73883884
449482
100470375
8101346
47977753
23746719
49633309
66221532
49120063
10910244
8310556
41802279
6056662
25973979
63432687
7926
315264
37001687
538551
89812422
50028
19908145
34529161
25006128
27748253
26089857
7274343
10612145
40722378
17465
41875909
18096234
40733639
7843483
507426
4814
10961366
40228191
69535215
32638463
62193162
162994210
52421830
536828
91358903
7253604
23165758
11197802
49122021
19889580
10657209
18568815
147324703
22509
49708150
846027
16939202
30596976
7255479
93467916
370
51164694
57125
33910452
130011
152794794
137020
41765385
38289041
37415235
8100957
50230346
51783787
27115381
5637
31203691
49106380
12221444
89837429
18603
38036
11694211
60961149
120672864
33945118
6366865
41897776
10785438
57945
21828592
7748273
24552207
67844279
45946561
10445225
16321671
49085433
7217979
11281057
227154
11806533
2652
116016480
17968647
60250866
2227
68803248
585272
32789403
113266338
1830
49085433
182999
93470123
87650802
27671723
7257022
512171
7232843
27183623
7854296
38471829
106242321
8083078
10839555
23078
49020466
7751029
7242138
114002764
524400
20950238
50230737
27694234
50761328
11806740
11240568
7249859
579
1397
89022
3923
49087439
49145875
50534071
30186811
88595460
47378343
8738408
71946648
15278692
49706621
40717767
63649861
7266459
56263
162478131
41782664
131
97151081
41782664
7906
52846513
1313
33639
67167645
49116111
34475815
49631733
40185470
38327528
7231257
44207
2768380
22084504
4824
13923996
25982124
227174
26126
47947924
7250207
7827
69941633
18066890
33554003
95098096
43889
227584
27139590
40676868
10627662
11809321
23203903
31183240
11449
7758759
87555242
49111345
26971
10774951
53853233
18086307
2077
11671892
182999
31184596
26017345
4048935
49659476
89943588
318035
27331257
41800149
855
79071739
8083078
11285198
3990485
49071026
17889021
2990
198321328
11283980
507426
3067
10005439
149449153
104236257
33490576
84895438
6978119
36579636
93468955
30962608
18035845
27690864
40733936
2923
439785
5423
16350508
10644452
93057569
49658196
110700781
11054
38369162
1671042
103147636
7272600
38906164
89739195
27682759
63152711
3140
8083662
2007
49090978
33234243
59437
4824
49137919
37849102
30942878
7942689
43238446
18098519
10826358
137248509
38298903
74204296
41868188
66255055
58772581
18290619
50781182
148695695
2940
50230334
79590927
7235716
51921
49652065
4254904
8100958
7156
69357680
41854758
41852175
3005
7279063
34440303
18290
49660305
183024
95191
132141158
519023
56620
3202481
25993076
58598285
36282939
6506710
93470131
540568
40671164
19889298
9660
7001
2098
7234582
46705
30788
30881775
57715249
7016
40235025
49633930
30954442
105668540
49138829
26496
37714139
66016776
61495039
756
55067698
59746
18061240
40167501
35380
7971
137912560
22730858
58153158
152859273
27939071
8083045
8101348
521354
32576536
100726002
30572001
49655650
31036797
7197607
9821270
554063
86168334
516017
49126540
7821263
29493484
55404891
5274197
106414247
49104866
227206
49143732
49080418
31963
5734801
48990047
26543211
11818183
531141
1654896
49123802
56363
8050874
59640
61014442
302192
31161460
74996303
111856
58753411
49652065
42003846
23735892
55909
54123299
10718749
50315
18300
7286699
108138571
10668720
60212
63991522
7001
43237427
3317
40168476
10711
1034329
38510354
54901581
50230346
3067
48990115
49120390
41804593
48065266
47670389
18303
102535098
6495677
45825421
12853872
11278733
42387650
149905097
93469370
49082674
46511
10033
50230328
2980033
19082208
114601246
37427796
42644257
74917275
87980365
4895
13460995
99400034
2434
7367
48321184
57126
22951255
7722
59664
33181747
8310231
55301819
9032392
6628
53397653
2851236
1194727
104604410
15506408
23
28770077
1619
484712
43778423
11684428
49603471
11578171
81944784
6780
1886
8981
16187112
18303
93469933
2439
7817039
12439
18022707
58670769
21967762
120325050
89825714
34422
7256093
8101360
152149256
49091468
49055250
9715
49652065
45082672
4932905
21526266
31079403
23051060
8101356
1432535
58402325
15957563
38466164
4821
118093202
16974564
85090144
91413495
60213
32577357
22191182
10008
5970
59692
97646865
60
11711543
182999
8638
4824
40169720
509919
49662520
38426115
18054333
103934189
9830
1582693
38269394
16323633
174914031
49100353
50230332
9590076
11287445
545
452680
10664177
27138878
7207594
78401315
38486833
8328542
7264127
112743444
108980554
8881
49630978
120073934
40669362
41824503
113326821
46795166
7235
38448953
136702367
11981
26107
409
3509455
1129317
7412
42281465
7737951
18491693
90724567
1973547
72333960
52881
72418540
93469249
93470111
1590
49627153
33954913
128602546
18065930
49079989
41804958
89806314
8328542
508638
18079229
49145930
93413355
58589142
28929952
38330479
50230330
18608535
31183269
44562
39714
551377
93469286
10661858
50229803
50230346
217172676
2257
507426
119646192
156842603
78356973
9773
11979917
49106166
10240116
41872242
62191368
79135167
23897798
79394546
49652065
49654961
1417750
33629
64472
7261
10767984
108272778
47952425
15721
73119153
507
56215902
41875765
31972122
50230340
182999
457756
11248626
31050379
11490768
48094785
123761683
27140577
27168954
70362008
4814
67852720
12030
27681623
56810484
14863
49145875
14581076
63054034
38974288
92456
32461
23806
7244838
26281140
2951881
3498195
37841989
7814791
98597101
59640
122248969
50230346
49634010
1660
38853655
26064960
3967
87393227
10805600
40710813
36
21807
102116056
535207
47976578
68481775
127
18056626
41874439
3574
17933204
508638
7696510
7271997
84725485
558548
58671490
9614
41902250
2195642
7795718
56658585
600
1831
18605142
27688562
93468955
78527929
47139
10591
49069337
116185736
579
49078769
49085072
1746467
34626
48957894
49633940
13181696
7140606
31045332
7720560
76390915
8082972
19764322
59640
72700035
31979764
9396397
128415933
49149630
3059
30579954
10833580
18095496
3365
47976578
49633906
41649945
86594955
55179779
56617916
430
13915362
110274131
23472
492295
11229368
12854661
34137
89818506
15072925
11289204
8328542
962
32400560
1019761
4275
3631544
89803643
8101396
11486
10521909
3084136
9574
2341
46291959
29536072
28085025
68530238
56660580
4814
46117606
59692
54436
31074
4333487
2985
93469249
37851176
54760685
93638179
23789
3691253
83379239
41875765
55671
7733860
471389
83704962
5096
221014541
44187
49117545
49597125
25238828
12002
30828
27665
39893096
7821824
7256095
40145815
313389
10819487
49082598
565621
18048091
57101
11397329
8328542
93469663
57112
16889208
13641
424565
26281140
227206
7763211
2034007
27755449
5562
56281726
7734995
27422041
56551980
48875761
67863199
54006
18605142
960
27678503
41765385
7732421
10709030
39626154
366503
41875777
7260066
125724944
8283980
10805957
11309043
90231480
7202732
91643665
10923709
49709261
30
3699
40227625
27703364
93468955
57675
49143298
8328542
53788970
45479979
22540
416657
56715
536214
4819
15167253
44222359
93467916
149525441
49709550
311681
38460539
45216540
13915330
37807262
27755485
6400232
18048782
25682841
55240
21979430
3218
10760035
19449
18303
15742401
3391
26917227
11248650
41864013
116227
49149630
3804
41064335
18038694
59803745
1951
560839
9310
21783784
49143323
497834
49143597
41875765
26589257
46101328
3067
10851867
34635529
49096763
44561
458
41875757
49106166
18086705
47937239
112101526
10873855
38410047
58446
20532869
124589771
8284355
49616854
50793481
871
49091748
57199
506590
58006
209
37453287
29592452
102548253
25082
12959
7769521
48990067
58138273
59595
29119420
499480
39509260
31044083
31054540
10805957
82257626
28076070
81318622
49573619
20371160
98070639
38057288
80150917
17991937
35265009
515484
636
49636058
40722511
49149630
37637090
11154515
563619
10832194
3109
30554989
49070897
40707529
41968938
44175
27
10907496
38309223
8310254
11721026
33358
390
11336646
47881153
49592419
10817926
1951
83106274
125162628
40327
8101334
46824812
1157
21712395
4275
10612637
49117243
1629
6976
6947050
19938690
2386
80260188
66681
7726602
7270105
11538038
4513
20080778
6330585
93468955
3067
10672266
1906
511807
37417718
58667093
3052
105029226
224779611
41884410
7787596
21649487
21828745
102475097
1117529
70525116
565524
40747709
178382877
88136587
89820591
27391764
74828414
509922
1247125
112412650
1334375
7765975
502716
67863924
64328209
34389150
17855730
51023736
40740537
93468037
111314863
18093118
29893125
49918951
43583009
28883884
11991597
6047746
103169828
11297446
37422696
7772291
98906711
4108
66211294
6573
22943345
15987347
3684456
70112573
10585485
20458794
49047259
40743601
102243091
3084136
31519515
108862749
94381176
47944841
19881
2166658
25650240
93485683
1435485
7720560
140372854
45972
19811921
7720560
7236556
20381857
25959313
195761919
16618481
111173240
7720560
19644626
458
60882677
11277871
11248602
66981233
80107509
37838091
49645606
82398703
44465
49087639
96686844
17945089
146118051
49117253
74577877
23995187
79083
6470843
119206413
114176797
43390
7251306
22962
45242752
77466120
26118066
57643354
537348
38151696
208164640
12101062
8046550
153635240
34586495
44207
509924
43314737
56703536
38978763
40199607
108975408
22365035
1951
30981248
41182247
14223053
7235391
10768009
61831435
49065138
45839690
33596
5202
39132453
1700
85594820
49147421
67852635
120017519
683
45917422
165967788
4108
3704201
77100038
47131924
23498
140590746
1169940
45977889
8170
5536613
49149630
102576152
192661827
83779012
48128059
32810857
21984960
1096
115267
160027198
29514666
64336600
19923117
49017784
49096430
56452
50230344
2439
42285368
49633902
104810840
45968656
17966911
39325253
44981964
43364226
109277548
97400414
42146851
555327
1248
62364983
9277601
64490
34031487
6640
18288454
151038769
50230322
124021
72443544
88024
23498
20189904
49633926
101121334
31183252
51883369
46272997
27016
56138092
182999
47938537
49652065
9881341
59645
27177563
195138041
20494376
40732013
37556
56052
125015028
2952919
3047
17982661
31170168
8083598
46099189
34141334
524173
7751
116918088
3634478
7314
558360
105382762
117454643
25628996
1203084
170997179
635361
18662061
30324272
93468544
26677359
5884
23499024
42018136
6288536
677836
49548323
49652065
7927
477251
2257
98025570
41865400
6930473
564126
49108995
39
18076467
6059
49107365
9902815
41875765
11449
40170786
66
57004
129019074
7778918
1339308
29175740
43761012
509924
113099586
58446
1690399
8083070
7927
4863695
157357963
72225015
7807590
1005
5558
64735261
54820
12492
41875769
2770609
509920
153991185
83181805
93468955
47928966
41074
18027804
10681475
20304564
193794731
53613
56999
8327911
54326002
49123788
57867066
11981
28263
15735862
467703
41865122
10821840
58528564
60948657
52495786
37239
49652065
568646
21942134
7259583
10674123
67275
540588
553936
231538389
27755469
49709153
10696806
50
31227893
56803417
10982307
227206
540690
5602918
18290
49621213
26
93469370
26389723
38486550
86217833
10655058
39749449
104642256
4717159
28330306
93467916
87020034
49010953
7242104
11211108
3067
148924724
52772659
10033
49143221
93469076
75046780
59640
88756376
56789
13808
244918236
19346159
56666011
133656074
11389988
84100989
506610
7296406
9104626
182999
15640285
2416
3067
26975851
50666
10723101
62270985
7690840
34917
27133785
132827612
49143732
31053669
36830430
485823
14733931
37795611
151222618
17629904
59865
8266079
113023
15030308
26780124
16127125
75425
3741
7734995
51541
1683862
49710688
59268898
93469891
49652065
3258573
41869284
5156
30858720
11206
51541
17700
19757305
3352696
27183820
55835
40175091
81818515
12569
49045871
57470334
1693
5297
44980
551636
78528832
58779349
49149630
636
51013591
183024
7859325
68814014
7785323
18086703
5359
49108689
22769456
122491864
409
53237226
49652065
42298100
531762
28922944
49580060
43815027
90803390
7744160
58574
41875769
4875854
64088
27681568
123240848
11248819
511638
7277795
143969421
5418353
227584
9180184
40437851
39515
117765228
101514039
92299861
189285555
37825463
49631689
66814508
131429
11161868
119409
49640405
6916785
18042233
49348131
37383636
506
100566164
31149133
34325
42939006
2985
545
30001364
93468871
49057990
4824
563619
544307
67559
7535
11818183
18090619
49071457
47935816
49572612
2255
89829743
7242133
49632463
492422
160940742
8328542
7188553
19622963
94175833
509919
22025721
9175192
49708498
22788404
20579946
49657942
49433438
122371009
635
2416
16106
21264068
14122
93468913
1739136
43716307
10803962
58652686
30796
8841492
2804
23589653
1439
10627744
20705637
10671
34010573
93469370
7779037
70017781
3061923
37299124
11213
5096554
7821275
43510521
3398321
49113531
362
49142038
61798377
49652065
3996321
7827
96979290
49129789
32975723
31030507
7263924
38680386
49906520
7589534
23299068
42483090
41612585
89827996
56786
497387
93469580
17169448
5527204
83214955
2494
2041
11646494
49093641
18085806
515118
49150846
521876
49139645
44501260
4824
3699
66454476
19506511
26438443
8328542
2220
36132727
35112788
20286
43236721
9085752
101246248
8284367
8996
5282514
52472061
40681794
12004300
123529
49652065
117311642
49618195
71887364
49660947
58664
7288190
49634010
101766999
49652065
89536266
543038
40689774
116317575
108953911
44311681
40924453
30581765
59664
8310403
42259873
49530935
41874224
15762110
81245
3809
27121501
85064920
18290
123585841
12611737
10726136
73703931
40915179
21829803
80714
62179003
22211036
668993
26111
3385838
7198414
174498
11139163
134994795
52634
5565
11289719
182630024
23663991
636
11671436
11216599
6876658
14881
59652
23343
33142344
4824
901278
77413521
4856806
49114296
8101351
12207
87455729
10710
49657221
49149630
43456033
552759
7720560
43946933
49652065
33797520
20121331
55699
5970
18290
430
50449551
2245
123534
61880005
7232331
7924880
40922542
49149630
227584
1894
56684
18044332
31053213
509924
11031
58669023
30331224
111460955
135057385
49652065
3067
2341
84907986
3057250
2255
1025705
65468144
49145880
9918
37616
7779652
12045
17871432
3058
49095848
4108
50230344
227174
89820194
81272871
122393039
16209
10714376
18847
2760
1220513
10711356
101247
41156726
40177195
178261
80212363
10672709
41875767
10633737
20886544
16788800
93469244
39275716
12792
7734995
67857067
99641
40165971
562631
1189541
40889057
10025
12492
14656991
30
11381901
71829799
40725948
1942
41765385
24131
60425225
174915582
55415
22433542
183024
182999
21445
2985
37263036
12968223
5803
46934
7751195
86919930
8083048
1709477
83317436
32598
44175
11188554
90361085
542166
37886655
27228906
96057827
21974759
4108
49632962
10689492
39515
18076433
49574236
9044926
53121
94020199
93469249
182999
34240
2727
49652065
72799729
601
159955435
35595112
49633902
49106010
40235025
19862845
16877037
31091566
38358890
106279
61330379
1892
7689626
60152
9093346
10702119
11503289
76148418
4824
445060
34006356
227186
18081104
38475
31051201
11248819
8266077
11302263
14072991
56313
107274015
37406592
65802
49057345
148201614
11223555
68289247
11248650
41858446
10612517
7253424
56446
146038122
49077431
27136709
7723946
48999860
8310252
2244
8074
41856318
41888989
56847994
644
7255268
47969240
40722994
32151862
108421052
111086081
70037571
49633942
147964977
8082972
23881406
50287745
86064397
48233013
50230340
25259832
78537566
140105225
5853
26718497
33964290
69079346
93469370
38487977
174672728
35463
7261115
45971506
49652065
8284350
32784
119083277
7363
40690592
86366038
26786956
511898
38368691
79624
78931994
37851529
49143602
30855414
8328557
19665532
34919
27124264
53043180
31203588
11110
5132465
536068
49645998
2794
5993
150432758
103502825
905042
67865689
38689755
19888102
119329
25973444
568572
197203215
46529015
37928177
152247325
49110758
669
7273855
56587958
6207
38705603
7204097
20251782
49652623
15567022
10845330
49708173
41875765
4824
37205773
131415603
22372700
1520
7277296
1580
155023131
34628903
47976218
70917175
13915378
40238807
26303
433485
41867435
877335
45839629
7827
5507
93470200
18079775
41852175
45980340
1074
6525781
40220939
42345237
553043
180
144391
149870852
566757
5565
509924
49711292
53360439
43979934
545
98540765
53209798
89799007
34771
58502
27118108
41939135
43390128
1894
49653004
102600
18065228
90405232
38705149
8283979
11818183
30567560
40722626
37524759
7720560
11123010
47924746
7720560
7296
49145870
73007766
89716261
49652065
30992453
110471957
44202
507426
10705286
107217169
76640
16891229
960
8310564
81061490
60123
89805480
120358119
11636629
552180
107984475
5757
1979
1785
49622439
49114707
182999
118580644
7076931
45
3204237
59712
8433656
1967
78524365
47040
6545758
507426
49711166
2523
750
64344
40690546
45927
19546392
15021341
42193
89739201
39775444
557506
17189
7761449
49070919
67150002
658738
897069
39141862
8803
117720834
21849637
510092
2336
17981696
23298476
64887348
27108733
1977
8283979
7203088
26128
143268
49652065
11285456
21665453
38296044
65505
181672136
458
38357663
93470105
39026629
660355
5938618
40188843
42643190
36
21985004
38974288
49079959
49094807
8266069
26747989
11722615
35380
11226949
11636629
82994432
39190369
11417576
560655
227186
7243656
7774359
26389711
514720
38459192
114296004
68699874
47927796
49629872
40730862
27243097
105
10217
56829893
50230346
501951
17990401
49096849
107791239
37713351
52049315
25021
1629
34710064
558618
8328542
124509270
9085969
1990884
55261456
23085583
40228179
151833265
7720560
64345650
33463002
158314018
93467916
9212781
17869187
88609628
18076283
4794
636
79005
56835987
10792858
7761453
4905
106744423
127532366
62271256
11592347
13060690
9976273
47146
68433669
14104779
73901523
40697514
18300
9441561
119884
75801073
14962110
31171943
49565992
49558548
41866481
50230346
41899974
1435
41854294
16308760
50230340
15072925
15294
679451
41875905
135310488
750
75574666
49658203
27149677
34424942
507426
12717608
38264090
49149630
48066
7941312
146782038
509154
105
89828827
44695745
103822827
565
59640
30434379
8328542
7255981
74169607
40745294
56272692
48555491
1543
27176832
17860620
61947437
8266042
49145875
21887161
50816678
5494
48548503
15294
31033579
8249347
97548337
79151918
49634022
26841006
8310252
86122352
487637
44563
126
7756304
56831713
5884
40682724
174348383
31056354
71298710
20
11662
47945356
29766135
7827
55256717
8328538
5419254
93468411
1065
46740262
7278121
11803602
2966
493647
27350
58175423
27765
10152421
100
158498627
113681460
52368967
42361570
49658203
962
8328542
77346650
58256236
57047
261625
7181
512027
49662859
5299
95064393
23521117
157536
43093348
49129655
18059632
37313733
6839872
112584378
36287072
69123715
50230333
38785774
1005
45269778
62970179
27164339
18045393
1455
7781068
74225911
7074
49063804
82224956
27678516
93469579
59994
30839
78940965
27562223
7289395
124426758
33961296
37852648
23329037
89837431
6345
61009622
49081610
10756163
37851757
51232
49476981
28806492
36372127
49250726
107605033
60533318
49630640
505343
504638
3024
42599367
64938
108179374
49039797
28780
12568230
13330
10887861
29698696
2244
27223718
56957096
25515
7087159
25459027
107198587
11077895
93469235
84482196
134867999
67857482
10960776
164654
19657834
104624361
49131735
54584612
23622749
17877170
40708986
121356747
34788481
49046697
49652065
49149630
93469244
46574121
2995
521876
1363376
19929468
53617570
7769115
37852905
32753721
49658203
505188
89837431
93469370
49658203
30601300
15156
7782
59698
28796975
8328542
49008946
42289544
89991360
18303
50230330
11860
56238816
112305775
44051161
58018
19359
134805184
41852730
40749264
49652065
81339186
49148398
7779648
27660758
15962
2257
41719787
3825
41691339
55684627
5884
140219
43760625
59814047
27179035
81
15035750
4814
214522720
7148921
11734562
23472
18296728
97247002
69056257
60498826
86522239
67518520
540144
60432307
8266034
18448884
66931521
27813399
93500690
35146938
49143777
8310219
10948069
1524207
25070504
63032498
3813637
41160238
18063650
38698570
26820237
27843983
49637476
2985
49565983
509922
47970737
101107775
9957
83155161
26209540
16985
11173303
50230334
723
17442
551124
7761757
10036563
10893196
328
50232566
536390
44207
45843757
18058479
80799169
4837850
14949
27135167
18800046
23427113
16157
62414368
214461540
41859269
36270465
44014405
10816745
13407667
10612547
51233001
41430671
121557350
40168555
7263290
541108
107805266
22280022
48284
81622282
53287433
49631434
7836151
50230332
104155883
7720560
138758683
4850
125746972
11279507
5267
50730501
7783920
15261842
53820669
53572707
3067
97965136
19030066
132831312
7765040
74603
20336972
7221751
50145
2985
27473
11291654
27152959
49060318
21957666
49100353
32
18046709
77377241
40685447
10776615
89837479
79882332
39874
28699234
29782704
8101356
5016
497866
169998927
205
23516475
120130527
10154138
9395
46503
11172921
7236438
8897
26522125
6042814
636
15955328
27235
31047871
89144775
1212
4119
66415082
15005920
18089590
1456
106099916
636
49108689
5163
49148398
891030
18196256
7720561
19950
49708807
106372555
172483
78563887
31233972
49652065
40200645
11699
101151503
58839426
425
11688230
93469118
25216
49635307
40174880
71889
7751
509920
1275430
18578590
14979025
49109412
62437479
120204959
562697
7854623
7076
2034855
77712414
2220
27151536
7821
26779
76662775
84
71866763
507426
27158161
25736540
67856216
88903
27117003
7110
49109460
41875767
57219
594889
50230332
65682058
4569975
93431344
41875769
7255965
49635540
49084832
20380616
148321
10022
7796580
43156202
74572
7785668
152409550
5884
38447075
3157
378
6799
126131297
45876307
7749795
121577650
309969
39652289
97841730
6643
85630466
34095677
22060766
18290
41785491
2985
38834
8310252
10714374
49066285
7020303
13071042
103083
7751
2879
18234075
32183
17968681
7720560
48797901
24288787
5770373
9822886
36560532
4452
57138
960
38400523
10714299
10281
30872972
50230346
7753445
38706202
45538408
54798
26161977
7751
38278626
25571
567053
12570911
60
5600816
49148497
7432131
43759
30795931
49121247
8101368
58199989
30555897
92664
4911
40229945
7201846
22268270
555792
26519653
59595
16815
108641247
49130347
7243768
41765385
7194129
2416
141374441
31128432
17065
212722582
49433490
23521142
16464
4824
11700
11429
17105965
14997
38274250
44018690
49592414
49600958
89837804
17989442
73235694
58500
6086462
31183281
15771657
50230332
544
16252527
14360
29856442
562631
93469249
2837
10691503
16578391
157767636
36117034
7056
53175
41867631
31829
31237
13916313
40168096
524829
18209241
2985
114584488
151547024
63688410
40704739
101412805
89828827
23437691
18080464
409
7225332
7779648
47409
3318
105523162
12988379
10742861
10409
48973651
49114087
25753960
30101777
70173936
153576617
18002852
49038982
419430
23920450
12480672
49115427
49056732
23255
5422194
65645759
826141
18076445
7803714
20860
49070850
9253738
538704
3102
37857113
92597181
43588241
4794
755480
49043846
7880156
7233815
9840
38258475
31207208
27443363
3067
98221090
5454
23090678
49630959
49552106
6131094
11587703
131846669
49660128
7720560
89832572
57197
2341
533760
27373813
67867998
192085
17408391
11714914
40677358
50230344
11799302
227186
8284355
1178338
89816172
39378837
18803324
50232771
2858662
38404717
49708456
41875752
10605456
53786168
192975743
43481761
50230346
4814
49147153
47891008
10655753
23120313
90596029
642989
50230340
7763646
7228517
57094
566155
75
47938537
42676
560371
40675338
124431221
23559221
49658203
22768959
140876775
50232084
38652444
59782
37427515
58723263
95801411
32333061
1542
47956556
182999
59466756
11286889
5351
7720560
61428
6782
41865591
49107948
32105883
49154305
158301
10241756
49630609
7891
8017202
90230361
1288
11169760
41869456
40235025
191973148
18026751
55675
558507
7785670
49652065
180475659
41853835
135948458
62608224
29290
28988936
37841935
61225935
89817112
34538868
30183
47976218
56751679
18300
8916100
40227269
16557
148430596
19385
50230322
485577
37773310
62577
4821
34857207
45937800
167103084
49104873
46786413
48102875
21172231
41177741
425
114742
117119873
10023
16672435
7225405
578588
23047048
3052
863
88915
21966466
25464821
520211
6562026
11274232
40722747
440016
9989214
962
8283981
21371
507287
10884453
10947724
3741
89825084
7237840
27785556
100792298
60524336
57817156
24774156
48822446
41023320
41875769
31050384
89739482
7274313
7863610
37856499
30572037
183621621
8101351
5072487
16739480
19573
9654947
49096259
131601342
21109
15697743
58
18051055
93468955
45628023
49131468
22317560
19601330
8328542
79002803
20379282
58781306
4824
5039914
7609900
21373193
40714311
43238104
40703301
314
53445150
41875767
4754
519018
44777753
122705808
11684435
31037575
40227518
75531890
40717536
8310556
501729
41875765
21195820
50230342
111515572
501681
70025411
1883
112568703
10671184
49096105
2519220
148072690
7238448
10057088
73754
36954
122783
13598
40740839
182999
3067
501568
8310556
15105666
21422368
18300
507426
84090102
56378945
11277295
49138548
68962570
8083078
11267348
7805925
10975495
99380612
43703277
5096
59677
31680589
559
10795456
14360
49091839
27623661
50230340
1005
5507
5097289
112043628
83866249
54381547
1316830
546186
6640
7222461
183024
31779
116866732
5192
962
16321665
101104578
39447
16652369
517267
770544
60651
17978
464
6993084
49052305
12909759
55901769
12545543
3656
2995
8266045
21866932
49625744
20404545
507426
27920803
38325
1005
7218594
10773
22772084
25
7241640
530676
15931390
16490
135057003
49141159
47941796
49093416
58944
49146170
59976
10062
49043480
84392843
1065
11799300
39714
23828
546
530328
7751
8101351
39515
30616100
2434335
36643482
93467916
93468955
97240890
30693925
10798122
2879
49509486
20379219
20212
38354712
50634
11712607
11311213
17955
52529118
2491245
47618526
529553
58915657
9241520
58416
97275926
112946
203557646
98005475
38517
12045
52499816
870
4885
1179
40191224
18501573
55234060
41875769
21493
41882140
8328196
4998877
3693522
11467
5615428
860661
49116412
49137319
49660825
26840192
18588356
17994565
21497
1796
21667082
30894
93470131
750
144530832
23247947
23649844
163460
56790044
30921393
170655
28705496
49660327
28687954
1784
19922
5239
815959
45191836
510667
458
126517472
41854638
33931844
31324137
15953666
110130443
7261
86674882
11275150
98990011
8284347
57158
48632512
69941633
22770901
49064820
27180395
11637421
18085918
40747159
79825209
43393787
27145034
11216480
57896000
1584846
26569560
135008872
58514
11611
31445104
41846165
7720561
32678413
18605128
4824
47934996
2200
58120
504167
4885
11090085
53504833
7224680
34458712
4681
505189
425
27146493
41848666
93468955
118706553
7751
9108061
23624784
30590463
94912693
55936463
77805941
57181
116714419
7074
98070907
793032
211352318
304034
137263790
7255965
49433438
78680482
27794975
11296646
39613415
126
10600819
89924254
37399534
1553
44195
31237377
92538821
7828712
6492517
8083598
1076578
49652065
1543994
39562840
38978099
48933769
85847
19841066
80
89837429
49122339
29867932
6786
1933504
173492998
33447
6352802
37839279
10835650
8283982
50230334
147268
2124
105551510
49150911
38301996
7220929
93467916
11241654
59379665
8318
7799449
49100353
83770089
93469370
7612
27121303
56414
16293462
41896745
7278694
38264944
22467291
49550934
8266077
16385347
7247021
31047883
59984
49087280
27162056
31268359
49145875
182603
3491
31038279
16319162
98380
35
45125
22767087
16982523
39290517
118189
30159001
41875769
2923
15803
49654828
38308701
10842068
585
38307230
49103456
45082197
7990
49652065
51748480
125433031
30733
110105979
47895839
43760617
545
8266077
27680502
49145330
23362371
2985
31086396
49574174
18602544
497834
66787092
16235651
37765
27894195
5622
27170993
4904
57164
10718781
18588445
40678214
12147288
560655
101876
11298192
204429
135855407
47109227
10718797
4794
67852720
38361690
49093540
18848
62777358
11291690
41882590
48993889
2074781
41875909
56936313
5393117
49707616
49652065
512648
81940
2508
70263294
21294
40901268
72623249
47924734
89832261
11806559
4932483
85165575
37797366
11354462
20513095
521786
70971690
149115039
49132480
10281799
7671
41182247
4829
5558
37244272
27415
7821
6016479
49660721
114000229
7774985
31616037
227174
89832261
16540927
41835085
7751
56
49652065
21457866
54884339
43826
544337
38427129
25039137
101372138
11981512
128473408
7780757
22768572
26497308
1628974
4814
20482344
1485
57367062
67852883
18596765
49109630
53122
9840
43236594
27871258
39898
62807253
11708136
82443766
664
3589
50230322
82087029
6078
77148290
1570988
47937732
7215542
45833031
93470500
13277
34423272
47953151
93469370
47933662
454
58787173
3052
50186
10596581
5117
85080551
57335278
10784403
63583285
505881
49143787
10662426
669
77374238
28274547
53597
50230342
498689
43761000
82104016
7001
116107
15525922
49087439
553696
109866047
505189
15351
46670901
73632068
549267
49091834
67852371
61030191
198021825
149358847
54802
84332187
227206
43239357
96152699
89817885
27660967
40738384
55439108
89939338
7235790
328
1796
58753433
601
227142
52993681
49096229
10730722
32036
33122906
93469579
16855890
4919354
49097946
10282
19438
93674
76394895
104440724
49635523
685963
49483787
106807
10164990
17986
126711
7272892
28615638
2327
24775950
512226
600
9616202
9015
27967562
940829
83314148
17196
27680505
32904089
40675810
18065040
42388334
535318
7732010
172559540
55340732
46376910
16346214
47935951
735871
8230607
126
68321929
19909624
105375774
474586
7263880
17882701
60
49652065
535088
49658203
15382
38430633
402738
10453
61047
27160820
49152304
3640
5129219
7646
28883884
40710587
11622734
27285283
21946580
28777717
408
8101368
49144410
49652065
38031157
42579893
49115313
3590591
551351
2114
425
23791247
6038
40679774
4905
14182680
78533285
18083060
509924
574492
7622
50230332
48529595
57728
467057
600
28320698
93468955
16810784
41801578
15471839
46636694
7786416
18044450
33781521
209
4974221
60941787
67859871
190012565
61973
4824
16626
10905823
7214176
40656216
1167504
38292
27176710
101161794
1830
445056
18032919
5454
104118531
7232944
2820081
6986
9301389
7828712
18092961
59664
512698
1520215
47928929
17690
50205
15088775
24595414
7766780
55961
25786951
7744503
58678697
227206
122251585
27677294
59801203
14034
2664
1485
46732864
526040
50032633
113210977
9088618
41389319
49130347
8100958
537673
6774218
48913657
20629216
20732604
61022632
38744950
49710335
38185298
21766483
636
120030410
47493
49138683
1409205
509919
37408377
49153924
62183465
18585231
8957
16490537
111722861
24860822
15584414
515596
27180435
22820145
2633314
61019025
50623
1678
64952
10679231
1123
131750911
425
11323569
106030639
26800
3277645
41848933
47970252
510827
76938763
467615
2774664
49091839
60207
89783635
118145337
59698
54896
185903785
38400074
52871
92412627
25329577
89802995
18461
30161702
3408
43165424
94733891
43761136
18089236
59462
3985347
564849
92405478
182999
30869
7736763
16150043
40742646
26742
3820053
17017228
11688986
73040521
36685815
49081298
59540620
36212293
49085134
73090805
103823211
158301
40916182
17944305
9309491
12432822
139705764
38120027
1609
18588842
8110031
8328542
14938587
10713881
509919
24703968
8328542
13407002
48077897
452898
35356104
1678
57187
40709054
89802892
509233
182493182
30572349
32351735
73934455
50230334
514533
30918
5097382
119523513
10676748
93469370
1954
22995380
41039952
7260637
17770761
89827803
41875769
8328542
40731991
40712198
93470117
32373
3002
11799306
112170245
38666315
36970559
26847990
17508001
47976218
1614
40677635
1784
10501589
2112377
182999
43758667
63199011
177250946
49592419
18451384
49085043
106487318
26742050
11981
8147856
663471
18290
22770330
8283981
1571
1418144
50979
90333103
93467916
3388617
37834754
11535329
557532
32771382
536900
37798645
38527644
11291666
95480738
17128526
67849741
49095706
37680252
89831248
10067971
4824
31737912
58153
38434204
3699617
23498
59640
134087656
49647857
58519
4487123
30924304
611
52719
11216878
18097722
7255612
93469249
533657
529886
49117441
48789
50230344
16270442
97448
30962374
90052
47228596
26873367
46037606
7154
34742
89826635
27161370
19879078
9880887
49706795
11248590
10854
102347372
85887980
72702539
89837468
7263200
42158207
11293082
38276560
45767155
43239760
226966
31064525
7220313
11645018
7763249
31858788
44887773
30724181
7787603
7235998
79087
37414305
25772
49656623
37882338
37851842
100270564
32455
7537577
11411928
84540817
101400584
8328542
104514865
485445
52720174
21361683
5016
41887540
135210025
75140640
18605147
50671394
10633
62235444
89820591
11638385
44036765
377442
604931
33826159
59687350
38275159
131297855
3052
20359050
87826556
39885
518138
58231402
30704568
552540
7285708
45951988
93468502
29542911
153910646
16099613
10842443
30897127
109
60048
99913892
720
556113
54470
67188430
27671308
41838364
556639
854
69472326
45382558
18593101
55108638
26223807
35927975
70040661
90954146
47257527
18503660
28481
28229729
10747907
6005
26404
31034186
10616678
422740
49115432
49138797
4799
75700995
10909499
10815199
1212
230
41875767
37808260
21796
58726598
101604506
7198724
56742642
25136815
8068708
93466906
37851534
969720
585
40741239
41875767
750
27663114
1060
38800381
21432
30272933
93469244
29767043
10716164
2341
41848342
7232651
49565990
47475618
79143878
39714
154981409
82987161
17434198
28080857
9858049
38456145
5101
49095850
10721496
38800379
89775
33819509
11806533
1822536
227584
19225652
6097
24356896
27123979
49466996
93467916
139411890
16407771
26724
49143787
553043
93467916
93467916
502939
1894
17978
89803385
49632258
5970
93469286
82559224
7249987
11523420
43760774
40339
11266146
555968
100605248
66738572
607271
53
11680424
37826283
17059183
97464824
52719168
123534
30916522
549442
86299336
18877
111762523
47952136
49046826
8310256
12569
4900
11737799
19832069
48275889
144665
8327900
21947942
509919
1397
58235240
11653505
2178
49150911
49652065
112907807
14182
40171813
49652065
109893227
47969330
68595667
33943632
49652065
46587
4439
78528927
88724073
7827
2522565
37404590
85720766
93469370
49631681
37150
30437144
20983649
8266077
4824
17072677
36620
80697
50096
525985
97492840
6922482
3964
18744108
75751962
41879702
97005548
59692
143140326
8101351
117467999
15332301
11718445
57580784
73186265
21971317
5763
7773699
46284509
62178981
93469370
89825537
1609
502020
24695442
8266069
46112058
37794456
60289335
18080948
42217676
8082972
11231920
45511054
3005
181123856
31100104
25045385
3418955
11830
29510
47064738
16466
146561950
134913723
227206
49100145
122580619
93467916
96547959
40721135
47160
56472
77390256
39689
7718142
9535
7065925
3052
506609
38289041
3302
104460078
168730805
10883452
201285970
3052
50344
59001761
40252
69321421
103801556
9083163
140580112
49710193
7758003
227206
124545742
50230342
182403
49133661
549146
17975513
41889354
177818
2442
5875
507013
8881
16043746
107440221
60506242
72180829
45159300
20285465
11021199
10718972
49652065
1008
104796743
30192728
38680374
11229057
14679026
11248578
172279916
85029358
153295711
91941712
49652065
26743848
198276624
7632
21942758
40728479
11234680
32132
49646700
4525
75589690
523855
15226022
10860037
19742875
40701631
215090276
52116
2416
47943873
8571431
33880171
49108735
49143406
4709593
104587
554209
27116602
9464617
88104
49149630
933
40169730
105999890
10683133
7230435
108871912
109417
20014874
62944564
8083078
49652065
111423146
4951
93469370
93672668
7779648
2580114
497834
533294
6207
50230340
30048355
94804733
32146397
10470032
835
124890895
548411
59655
49019231
11622734
1231386
10607877
561836
49652065
57142
15474795
41889356
70140013
35209
56772773
49706308
183024
159613490
47613782
52605331
21849647
22768837
41217148
71929290
10702698
30784
18081840
93468955
144086968
227166
27755469
52688825
80869717
40711721
5565
1689
2148
9552776
8328542
18065038
182999
511328
121205152
89816203
485029
5473
27822234
60887538
40714034
21340
164674
29723731
7269626
2077
124765
34151918
40730172
200078083
40180401
54706453
5035
4905
19037287
23644
11469234
49123958
7278646
4300246
9840
18088034
4295
38499954
16118895
65395312
37415159
101149001
49658203
10085
49140067
27930922
59644
89812765
328
7056
65663256
27689792
3777
180674256
43239489
32764275
49601904
49642757
40170101
507431
18417
18451444
3370830
16510684
10854
11228
37855642
7162055
22573
41892027
12248478
2985
153525357
12979215
3359859
544305
31830644
37640966
9990833
49049414
7232927
40693834
18040111
49636434
86151466
56222
7958034
49132856
20121482
19767786
14496
89804100
95371759
6134404
22246978
30390552
67153
24816242
22327723
40691459
4424
38269394
26697890
89828827
40191864
10861779
55730
67553190
10965564
3747950
50230334
77108785
50230736
50230334
28517089
4567
37428880
49134891
365
55959
158741608
453507
27107590
29092803
777275
17738314
78833579
6709
103651
552764
24823549
44562
96058621
60169709
44465
51499
8083078
89820591
46416013
8328538
8083078
10712016
3801
512
10705286
22846709
21973569
113409035
93467916
5688990
7612
49652065
218631582
56716089
384
55699586
18036605
18532763
14324507
117371790
40731369
9699
70
553043
30809166
49102136
10657945
3022
8284355
100021230
6986
104933526
200259720
7766860
7771807
7880158
553395
47695067
78960546
102405137
328
93468913
20938171
1005
29943
21967762
56708622
49120790
4999976
489827
149452197
183024
147524917
11801888
18088326
505188
8310241
1689
7720560
67857065
3724013
30136041
41875753
1377439
30134861
43773
8310254
46147
164356197
34699134
33914818
11213677
1937
542166
227174
4789
128332942
150
20471805
114737335
527604
630
377293
15993573
7612
504978
50230334
11358404
49652065
128334242
16970184
29662625
139184215
10800660
7220587
28488839
11098389
46650629
55595
83754844
98752721
49489102
27667304
7834016
120897094
2341
59885683
26715811
38436675
121687259
60441680
50231710
1005
18596962
49621874
21974369
21805
37238960
19910151
27142605
18961
2062
723
25013869
187811994
97446730
15770814
22416109
18125465
27822217
42015535
18080587
12783171
510667
27449322
194855554
182999
66957466
27080830
4809
7261
89808718
37417992
77805630
64444513
40730617
8935
100333964
6976
197122460
62201017
47971182
49096143
7098
18610416
5415555
7289599
18063002
41799268
42875571
49937427
12575502
54226
63110982
24365273
26407193
49149630
22876438
17957688
1629
10112257
29929031
7727742
57720193
15686285
151102
41714
143242038
529161
77374238
64525
509924
41875779
49642497
50668387
118084261
49652065
106600070
14140683
409
34081583
87770477
44445954
7731389
81076860
89354634
41874434
38810201
89837466
50230342
67832118
2431106
59638
32968138
22399104
529771
2982707
49083320
49142039
8284367
49117436
542466
49652065
14501739
182403
2990
27151536
50232771
49652065
56469493
7751
41889347
134275910
71201546
21966416
41875768
101977542
11289226
6665
11676201
21305570
163729461
89827469
47458085
1951
100783728
7001
19087
226966
40182476
93475823
32849
3395681
42588463
507426
11592
10241
38284451
11998880
12519
485330
26678
636
42426475
49117105
24537
38355308
24788983
10852004
89829738
15055
58765351
7764077
41893379
33305716
37810775
7410219
106948761
3681186
2220
197869
8328542
539928
7215971
40700908
8328557
13169601
3069208
56654
49110150
26314
41702247
11981
8737668
47978751
1614
126
50232771
68157620
49129049
106183189
56666
57176051
31003667
36948
18829161
51381539
9753
44560
78525899
93469560
594890
636
3052
49111918
137481117
4202969
40694354
87677303
5695
7641974
26017345
47290997
144738
70750100
48173
49628142
4108
49652065
60539690
54073454
511807
8464328
6628
16037
65120747
49652065
18098428
5116667
27955675
89798170
37413409
38800356
1598952
82464297
10612902
51402
53352134
1930021
32322
97884308
18073702
26997564
209169
93467916
11264117
49103739
57147
57142
16920059
9164868
962
32134466
7245582
21984960
8328538
57939
83647483
12827945
13384499
49142688
27158316
260938
525499
556826
41875753
57759505
41198974
600
18546820
9083100
7246357
13648
7257825
78273942
50143070
50203493
10803933
32526
18863173
32806285
6749299
58506
41875767
8368
89806664
40
23439780
1673
45621137
19169293
179049710
48671075
553473
55252417
145173102
7004555
88888970
31159466
34004566
126887947
89836968
992429
10635279
49123506
2523
41877465
34032218
486132
11711543
509924
15928520
57105254
7266142
28267491
49063056
49652065
45142392
17054
17200419
3749
30480900
7296406
506609
92449097
196499814
122003303
2995
6504
48665
88949
5558
57866894
26878409
38273328
49141214
15219266
30889881
7842080
135
110891861
49143406
23706498
36895833
85888
41852325
50069046
123529
40716753
49634012
39714
94720
21815950
4108
7781699
559
49102067
22768512
156097789
55894112
579
32485
27684809
2602
48492
49596133
49658203
18502216
7001
369
41884835
41875767
7074
4824
14927
463
11469736
26371
3522
26105
49154305
199314285
16029141
138397853
9755330
39895422
2518
18043759
36401547
101104578
11449
7950375
31148741
41884086
21943365
18297
38039166
11941344
1283
8266055
49114307
11122613
100068412
7245
36884972
5423
34062
41860067
501452
25574
70566186
41233880
2883
23676273
27166912
78336301
10892758
169437619
130079156
73213745
540138
60171
50229787
29859882
42928
41846453
40197813
7076
8328542
1000499
5411
137318
49657221
37734735
93469370
115046229
4105
57822
26767230
41887784
48985654
31077802
51333385
49652065
2257
49050469
1225
10608375
49070310
40734792
135367632
86701524
12581054
2850130
11149767
38323700
523622
78876694
86528019
8328557
576496
31216442
56743
7926
2335
499074
84825517
47563823
8897
59217633
27935540
1532
5425463
2489
57884756
17965988
9857
7285107
106887586
28725
56074625
49145880
40888
120316
76433
48251553
5091
61009622
47960070
49143298
41869284
14138
8284347
1254719
525095
50251120
101098414
17922916
750
2178
49652065
7720210
13436892
18605128
20847718
49069203
49106166
89770489
93469723
12314438
70810
7583
8101351
10773
50659
49145875
49652065
6083
56828676
49638687
54455
195525052
92191256
16214105
59640
41712
28625698
37649847
73453962
64843650
42135849
49140316
50183872
551011
21850024
754053
1397
44224306
123529
7205997
41216173
508432
32790670
49652974
7754924
20485833
86502
8266077
49010408
7242126
40733142
49626519
49065093
49901354
8564809
40161785
579
2985
245558
49149630
26442693
21074
41775944
636
2705220
545
4271070
1443714
498947
49114296
1558
49573689
15298787
99308513
32766157
412
21078652
4679464
49097574
37199948
41897727
10831948
147293442
12357
31064868
43256732
4033
24802159
152697907
53008123
44464057
1780381
50230346
73047033
54447578
26618728
40809744
101391007
509920
49634010
98318
17978
43656412
40228191
35
49148403
49652065
11176387
93467916
23357863
75527798
39515
58215023
23472
7701724
49112968
59992036
11818183
71899897
56695256
35976277
43758663
11208761
182999
8117
18568072
3761
182999
125109293
57992297
6241
6133807
21985143
17922072
49083557
61598053
1609
22083144
89837033
41909194
86946086
49087868
32855378
75950499
43758626
27484
75561760
7720560
37814914
4814
11739396
127442378
93468955
155205845
50230344
60091014
41676274
544367
28085678
14415147
182999
44052813
13423340
18086334
31416228
523811
79997
49137919
63656
18023737
6062
56757137
156955110
16741
4932289
67813
49652065
7824531
8844828
13070613
37417747
54784421
190903053
120996
71147009
19255204
72423928
11474822
87350778
315
12788529
34663272
15181988
113280388
25724
190083751
26699417
58675320
40200657
545
31152538
27680932
3047
35535019
10343
41816283
8266047
390
7271903
47960868
30430976
545158
143992765
1036687
20
1780342
205862117
27678501
50230344
1005
751
144354880
43039269
117859515
609768
12911697
171099841
71198212
41864730
11789277
89329376
15514255
49656516
14576070
107287458
91468328
10702885
509920
49652065
58759933
49650522
12684455
30272394
238246
11652940
13642198
133581146
17962492
146905649
215179374
68364320
157818088
96036387
38741253
43571444
57743060
44207
507012
16537211
49083515
96983663
139352773
45641729
28899525
8328542
18582435
133031202
7757196
27154745
8559
4752011
523413
59061
26919641
17939466
110482822
109598085
7381
9610
70440175
16976975
40730462
17957
20439610
24973
49149630
2136727
12041055
11122150
60709
18032361
51570320
170497715
58771093
193011308
559073
18032468
11637889
40693578
163278117
98015196
483534
4605165
7437553
40691577
23644
13005354
20308703
19668171
6640
46514
506707
67555
15802993
26925515
57125777
11152439
36029155
77436177
182999
49108933
1759
504366
74861681
50230334
54735379
121170504
31248985
563784
93469370
189122303
56748858
8284350
520902
39411281
28135693
41832495
49646950
30397403
11567520
506872
541102
30988732
1894
59688
1951
2257
41478288
57976098
50230344
49652065
18313
28230
55221504
50717112
33314088
1283
152190512
60678912
18605147
40721308
27684561
47493
8322784
6404139
7231730
5036
717036
11320825
128127908
22146515
5375
15651
142913907
50044
544
93467916
27669006
141738651
34510206
11954
12036
507426
44560
56658620
82700030
6290092
4422345
521418
18050
8083051
40996221
74405962
89814458
16348823
124749371
13817811
50298709
20197737
7291
8083048
41853847
49071049
93467916
8266001
87357318
527517
4105
49638574
106264028
181203276
452580
61973
2417673
93470121
92729
131737367
128
10612572
10825249
11276849
110580234
4108
41508282
49751459
812995
7160049
49138222
71266
505118
49652065
49150646
774097
38603471
49647845
34940204
20067028
12214
93468955
8083080
69980759
41865064
8266049
309
5482444
6131144
20499953
7743140
56003797
44616
527354
61594674
101423263
7763632
118197928
137680874
49629931
135
63309785
91557114
50229082
46567653
48018860
50230334
56608
38348300
3052
7751
44170409
11302414
18466793
16320430
16016593
96094768
49057056
27129947
144610237
23372292
11276850
49650287
23498
7612
97772809
506820
59109612
6428791
836453
19623329
8310254
7076
515583
9244973
5062
89811655
8283980
49646712
7226617
50080
8266001
21963265
40688635
10343
74593365
40230409
12594760
4313910
93469370
49477152
49658147
53360817
132917507
18080477
15131257
10782925
40315343
21966630
21982025
44207
548385
1319549
8100958
22767984
56431425
72712777
24193915
24999272
50229435
148358294
471397
48955
49117136
60735467
5146490
8283980
7266262
29250162
11253913
43239494
10084211
29994
10835650
509924
5801
58771136
8310556
50230344
89805800
41855455
8399387
50230332
92746675
32577992
166386370
10633816
93558027
73901314
75455616
8337837
67972122
59539761
59523
49143787
50230334
11034250
49433462
49103540
40729638
11294438
57942931
10612797
60212
27130997
23753799
11971
29557365
11806118
40196715
7720561
49096482
27969885
38295474
538610
38359427
8266077
12677
58636
44560
298337
75423868
11231474
22771286
7753445
97459520
49127848
28887231
110747070
27160563
165085109
49107310
17893106
7053502
11826081
18432
40723577
10721003
34061840
18603549
95857499
8328542
430
211860990
38227446
6240105
17877572
27135218
11275002
188889408
40713005
50454871
55663763
5624639
14176669
3481269
11249958
11639116
1784
93467916
144368322
14519
67268
22844
31230362
504172
17234633
863
83052222
76404740
89732585
62201029
26122376
38426479
9528079
7234433
37800890
37390408
109857
81303092
45093958
13995020
24275988
463152
49633926
10782913
40290605
35282769
36354088
71858513
72360273
456
49075998
8546
4324
39988533
3784090
14360
10634068
7785668
11127891
6616
22061783
26724
10359
4895
17491
93469500
55369907
24262
7216910
8082972
13988
11305511
65772229
11635470
27170529
41891246
4406798
47662137
1842
21756228
121131179
510667
11818183
89739987
1959
45905637
59652
48517395
77971
82257638
49710254
3288647
15055289
56716604
126058273
7001
47198426
7734995
58071
60267365
4814
50230332
49658203
3854733
41855576
10996836
49594515
18081451
43595328
430
52624
11186169
117861112
14004586
7236223
83571989
32792358
26189586
10740890
26114216
10589824
20383155
18605128
41204386
49065184
237256
4824
22335572
37427319
1386
9738213
631619
27155831
27364743
131815
16222
58772693
50230340
11981
23423
49102565
7233090
80644137
47068073
509923
163147285
45827281
41216393
67020658
49709618
50230344
26457719
32175
15004
182999
508492
49114973
43761002
7878808
47919208
425
49051435
494135
71206866
7215277
119059736
56929723
365
93468871
60833797
59495
8083078
57130
25522611
60194
44560
10841961
390
3442168
8735
3307333
165397490
539858
23281
47237112
750
26281687
558445
17916
21892646
97776288
66781420
786009
40073950
27115697
8283977
147420585
37786
63288405
4469
49542783
49022101
3741
3964
562987
10697941
62742037
49095127
10855646
80003
57949
274
942133
1065
178849429
27040779
120946214
93467916
33845
59540948
577273
31161585
10723409
38417108
19813801
1345669
141194220
17965030
49710624
118748197
71557614
10008
27176345
121936040
4364
5059
40702947
117980688
93467916
25195916
56752394
122873349
50230332
501681
30897876
17180
61395
3067
7825
58359390
6464432
59700
9659103
14756
38351451
30273041
9709253
146055453
49631889
25182
7076
12316
11281927
18466050
38359874
27670796
5645002
70006034
38437875
42036816
76771629
44451297
10682004
22772356
66735377
1123
49708166
7239844
47945243
49652065
4859
11172442
627
756
7211820
12527603
20
125804191
96970177
16995
21471665
47976218
11217208
478448
25617865
10631956
25636
18065048
44415795
8682550
7074
119655555
134523132
73880279
652750
16479
102880
11811152
86275
33961432
18018304
9429887
161574234
10633816
7766847
49632904
5959894
4824
