93469118
28278961
93467916
59708
2573
186326418
4275
1858
22223
137
89823312
11272119
54871
713323
534927
234328
412
40168526
7788531
93195
49148398
40179220
11301018
35905566
10654995
123688308
20361565
466642
93201317
83450702
49652065
528010
7612
182999
50232729
50230342
19904504
50230344
93467916
89807390
93468955
50230344
38332311
22765148
7751
11871104
7076
22711567
103293584
7221286
562335
11299525
144692183
7248104
7001
88437
93467660
55743
50215398
28698130
18039154
8310254
36139017
64449
67861755
89828433
30332652
59450
17491351
93
854
33952268
89805475
59004
49652065
40736819
11170
41815341
7229133
31770
6914
56395564
41852175
186440484
49145875
13020989
34756626
221222299
32292
26543211
38767390
34539983
211283463
35245
10647642
49088903
49339908
27660486
56765
93468955
2416
534695
35636707
87282313
41586758
50231710
182999
29455837
10587505
50230330
7926
38974293
509920
539383
18032309
39885
49084574
15015330
7627943
11277295
38430653
9540
29218961
3067
512001
58643034
18472702
43239418
38403321
7751
17290
19602088
7747245
8266047
93468955
191
49433438
524820
29643812
43236808
1007
64938
6986
57953236
11244356
50230332
40710582
49072950
109175965
89810384
7248057
51594
30976457
29713541
41318
168023981
18481176
6968894
7827029
6123
7817397
8083062
11212170
459333
28028212
7247582
49135259
17877218
88875531
544279
59696
93469370
141520957
1579
552840
145
38459737
7217450
18072194
178477502
11247934
35551
35768
7816
50230388
7198750
49015276
519013
7751
38229173
57116
34119
82257638
8284375
27668321
78771434
7001
53382944
49708535
512023
11718420
41815907
93469370
71539
57874
8265996
93469579
84782612
7269165
10146020
88386159
73625420
2943
3656
457034
50230334
93470325
7671
51982559
49143732
41875769
2416
37376646
7785516
41852175
6773
47607815
1437
10931549
18096600
3492466
37804877
39714
93467916
37415053
37197035
79099362
12386273
97918807
7749452
7228415
52121239
365
75498
40698120
32125692
49149630
7800816
41875765
2335
330
49574533
49509486
49851751
6656
18044507
210
72583100
4694
25657206
50230346
46345719
26281140
133601743
507426
10612797
89804744
10647598
3005
20497601
57343
17181230
7255566
7276365
10920208
60760945
146614
59209701
3484304
178281863
43235266
25154854
9120
43760075
42550
73463231
49628796
11263466
30690544
458
24655651
547706
203496
11690866
105274464
7229096
176620618
11849
49652065
8083070
67334343
41765623
21887161
36459
18050835
50230322
425
116492113
64454
636
49056711
779386
41893288
38150605
18069471
40887191
22733180
127934465
83164489
125015028
55778
83589469
32642
135795551
30575292
93468955
50230332
6469934
7743671
50230346
44746236
223022
132201
10690157
50230330
49652065
8326
8310249
93469244
474758
8283982
504345
3052
78102101
10244
41765385
561415
93469370
38759697
38317240
13058
7726622
16727714
58325
5071
7318
15303
38221252
27361299
509924
4895
55864269
44632897
43760645
7286578
510667
37400653
49448471
51357
79458
7763343
5551
10125170
17981
49130539
49108995
474445
20576425
50230334
16871529
8846
135
4900
1526
20453
114931822
7230167
550627
10645301
23572
89805482
31065883
2227
134011
511633
93470123
93470273
7745681
56750496
31350837
41875769
41229216
126512
8082972
2227
498937
38357912
2938
40650010
77180911
102491505
98224702
49652065
11799306
42477829
7926
2544175
26571
107972538
93467916
67851507
59558
70733906
25
11806740
31001484
49125681
49652065
27179243
4469524
70514
19449
7197937
11295133
49054318
52
57488
10715870
412
50230332
23957896
134476056
34529404
18
49590957
56050796
50231710
40730758
42
31117117
57399891
22762
7720560
9079331
33896272
31053602
50248
50229447
57498
10785061
31050376
49132770
18607777
7312387
93468955
573668
49052304
49652065
1199
9085889
35720798
8083266
49137919
43446944
49628111
43917
14581
7745263
26140
71455242
63976
6785
67863770
11223544
32830039
49641454
41853826
56705
53295418
31878
32377
23822
114403
49133249
8265996
49652065
122723506
199133013
49078111
409
3918514
49146787
7768834
1838
49154305
49657631
48350268
557519
1396652
118749340
82257366
29977
8310228
7215602
49652065
17517918
15837668
58325
37396955
18493161
45927775
16942596
98143526
10841961
49143628
50230344
24852417
79038
21066050
41153
40689714
102928
49611299
11272215
40183425
50230346
18628613
40704159
22180465
13142
992709
93467916
49057352
49122021
1609
61645
3727655
7243538
40712783
132419788
425
1609
2220
93469370
34827519
636
58668832
49652065
15952220
109301389
18348
10343
37397104
7237217
488572
7262006
5565
41901744
11359079
182786305
25525198
132178415
534768
30408
17089
13751
17968648
26480103
49710868
170081209
78299136
23441
9451046
9178
32548
11200247
26943641
521972
7777050
18052702
20113485
7783127
50230334
9241520
7796
18322
26415
46686
75136426
7076
509924
1689
2271585
2971
21884373
5266
51799583
27866032
13125216
35622972
9840
11814021
8935
43366333
60077167
49123111
370
21980855
17925376
49099000
18051274
20694936
1383
2850633
63843876
4961
16684153
31109608
79169887
49086022
43238536
503563
145528314
1838
495753
38882393
49147397
36660178
3102758
40732198
55985101
49118195
85822918
49623345
112881484
50230328
511898
36558287
39031029
2755
2010
31161466
50230330
11853249
64917
3588
60190
40730462
77374238
7275423
31025776
637467
563655
61049748
28200646
18659388
63117420
37
157111266
27112035
82466697
70711222
32175
54696950
7612
49109819
93469370
28715
29201170
10889781
3052
3157
50230334
45250
93469852
509924
19437343
11013424
1130
57132
10883452
104399870
93468037
2170232
182999
528616
63640953
192305721
82259009
21963269
33304515
89826572
11699511
49130578
46272961
55398632
92091
18775005
4829
7720560
102463
123465308
43239255
8101336
63259203
63794726
297018
93469370
325504
94141
49078552
4824
148588016
93468037
93469579
30177108
41852175
8328542
419
6616
49611588
27170983
2080
12802040
74800454
50230340
43238637
44175
189197
34517540
7238480
870
93467916
47708953
505188
6480
9085417
7242067
50230334
65848785
555647
49082544
63023192
42305036
17273
8328557
660887
50375109
153482530
58760060
21946074
1257
34713806
21961305
530780
1591
89819888
5156
34073860
62453579
371880
22776743
41765385
23472
63179376
49127142
1005
36763062
9685239
82378102
27613680
98420427
59655
466
47901545
507426
161585711
18502240
19957
93469370
27561858
35184219
517795
17462097
15798
41875765
95490103
21983632
18048324
51194387
27073612
1931818
34614286
8265996
4799
133011533
90742888
10910244
121027299
17036803
7895251
11289858
29018812
21970716
79542
86355
53121
107731314
7595674
10760660
11178328
97169398
49634024
38504813
49107694
54531
54070190
19
7887047
560554
2682
67585709
41890915
21977329
22493570
21973733
11642404
28621
21666819
50229447
8284355
227206
158309187
26838277
415251
58502
7926
40913
4824
59697
20663249
4885
40177801
40676558
504798
101198941
8655384
15567
954311
5864130
7255597
49433464
49467006
38882135
19041613
93469370
49090714
11158
87195938
506188
22425777
50230334
8328557
17537201
39707
509922
49145082
750
16321650
27666500
8139
93469286
235
7720560
50230344
50230346
2398
6657112
50230332
202786
44519607
170595
49658203
7222563
7183740
13048390
33948024
2416
60073449
41262
11171183
8265843
41873510
10241373
354718
10808314
93469370
3358903
49117253
49631679
57273715
44207
30285582
9092883
10681635
7052117
2890446
38120503
78546
7271378
87625352
41863941
33
134909243
26474922
515473
11120
15988
73727815
46229
7774995
67349969
50230340
40715779
35800844
57324326
40762558
31240645
10762747
12201941
74158
964093
10891833
50230346
37811715
44616
77377199
41885028
152567579
40630715
3825
18878064
49433431
22711866
49652065
8266047
37241162
5930180
49707265
7239759
21887161
409
49101299
77471657
386
1326278
138090473
412
82679481
167968315
554675
44628
27160039
49652065
96092444
49145325
3689783
814
11211563
10581766
165545320
2985
49101002
41796416
7250887
5036
7255268
7751
47509
26595576
511898
93468955
457029
27140756
40231794
124777547
40168555
4920
37765
54441806
93470183
12138935
519443
97287811
194676
49652065
139448317
11799306
8266069
38322546
14620225
55981
31050211
38821158
12134
7080198
58553611
12139766
41875767
133675014
74782193
49521647
56706893
7434185
34773
40737637
35026
91322748
93469244
93469118
4275
11653177
44197688
542724
524080
504710
54713
37573
5266
93468955
8881
5964988
59442
50230383
196118879
93468955
44207
543094
92557201
18585678
37800460
43911333
89541
33399097
40691249
98790303
41179793
63545035
10775
65255384
4128583
53173343
49643497
7610373
80504
43904412
505188
49075036
49117253
37814285
8697874
7255268
50230340
14609708
129681
50229435
57160
552206
30971577
93469370
10911437
44577640
507426
27678509
4819
49088903
58779361
112322625
93467916
93468955
57174647
49150208
239
25903
82163626
28874576
7257014
49062510
1313
99435531
7232908
62653488
117611760
48993632
52768130
118863691
18658087
58446
20547270
5405
8101351
93467916
93469286
227584
1022592
74036561
49086308
93468955
514559
122359730
49108990
40742878
93469370
88904436
93467916
11239737
52726123
18094156
27165130
48970937
7751
31770999
45926640
56206416
14119193
492521
43390
3665
503527
8792409
78282994
425
750
79154727
97017
17783344
164066820
2927
90294586
8653856
10644433
227206
4900
67309815
50230334
5016
4275
50230332
2042119
57308122
50228672
1005
28062641
646
425
7244880
63048287
121
27752304
91193380
38352823
76093784
1360611
56756184
7200890
127178
20167
49070732
93470115
60878553
7030
38978757
561421
8310254
1689
176204829
93468955
49146300
38466880
49652926
2690
5306
425
149504638
182999
6739744
50230340
9840
636
26334841
369
7252857
7821251
43761300
26355
27125762
152000075
16067831
7076
41848354
8674675
82257522
8266047
41884601
7128
26222564
49115432
89832939
43235845
168035084
49570192
545
28
7186
56424550
49141626
89828827
9773
28715579
63892240
48894903
1414
23128950
45518021
4824
227206
47184115
86268125
5156
7720560
4814
2304239
174899498
287610
93469249
7001
76029035
514770
80120968
87509977
14923776
27149408
49433364
50230344
16335
119778798
11981512
529836
30159
29206917
11193641
19598491
10997796
47941612
10625780
34559385
30445684
40745997
30971516
35767620
3589407
11447459
89827511
37842639
7734995
18297
2442
77377241
59084681
64370
520112
93469370
11008703
49117035
54057
40690598
64800
128293159
7181948
25358036
18519
38318422
36949247
2489
27172379
1005
7814237
7224489
74526001
11274122
93467916
39760416
44123885
49126903
511998
4905
181199004
6616
93467916
10821247
89835502
38428034
112248
8265990
40319693
41853807
7205128
93469370
49149926
564710
93469370
11161188
58763824
7219476
1693
49069010
40168555
7821251
3052
18570167
41875182
67852714
535386
41884083
32534918
16994250
56050
18088797
14397414
182999
17822
49652065
16116
5565
11295187
49138875
1971
30306265
5628
114336150
33005538
25996258
3067
154696390
61098748
7883979
59877327
27123997
31043184
49066996
15975080
128950275
38968257
138625127
18603088
609
33555826
90732149
45839690
67738
536228
1609
3441
49635105
49750815
137891
112270474
31481108
539067
49147384
26870013
49085438
46474762
26935540
37430576
13197
55569097
55219408
68
11244368
11650411
49128453
7799147
49096413
18084760
25700245
39657686
8266077
2326639
553679
41557206
67867063
47213201
5151
9393
43139526
42185352
23498
49652065
7245708
636
49078429
242122526
10588133
50230354
66639664
7776950
507426
45427714
4121945
49012099
101164662
1994
49652065
40196766
93467916
1179999
29147382
73374129
174009607
40169990
112855
60348255
3741
21954818
7185
94028300
144680507
170325943
49054539
546005
21972856
89805492
49642946
11806533
7208032
93468955
38510639
10748122
1629
50230342
41875769
4275
543158
49652065
26698398
49091849
40714311
7761182
17284
93468955
19651461
60952
21576755
41875765
544305
59640
81108
90388767
93467916
13364
7874428
7787606
49062518
107447210
26383830
90948107
42948
18418868
47585621
74412199
26091
11278509
93469244
7760529
4900
38984495
2644
93469249
48021
66201589
61274714
33972995
40172225
63244833
38356979
145508935
49552106
49649080
6898
26095402
97606571
93468955
117628021
1005
46537704
21129219
41896587
49117239
21941120
11719159
10797510
390
37850455
135294715
43673147
49643112
342
10787539
41875909
54536
126019731
7211249
56684
50230382
962
23393578
18584609
3081031
49656631
29216092
22508
9261901
49081686
10612587
1775
511898
21937774
4824
11664719
11331897
58586
84
49100134
17992281
166
518115
739
118559827
27143211
18581097
182403
46301536
40684574
50230346
31099015
124300124
47670300
50871403
26823375
238430
49633976
23497683
93467916
49091573
30868306
52111414
19524421
17912868
205297
111247166
11799306
31183262
179059622
10689422
462
226966
547878
18713955
155136190
17585299
49433362
49117241
26664
13650424
1776457
28841
49652065
11123101
46838432
19906612
55212846
90865085
93469370
27177621
506328
40710298
1784
93469370
48968204
36137892
93467916
2329
10255646
93469370
164448561
41858663
20050406
50230344
57933284
2439
152061
8101336
57150
315
78102084
49518677
621188
148321
63366
51728754
39531654
103543502
49149630
183024
40683573
28587084
43401677
16351487
31154297
933
49760602
35514858
41840037
36470988
42468465
70333148
12041055
12454329
11199478
21872531
37
535386
93467916
60147
99783901
7819177
9152125
44365181
71999604
49038952
302083
77375178
126187563
32773
7215819
9440
49106380
30883924
49127848
41876028
63558432
40691943
64324210
73278582
60308440
64819
49101332
7814204
18157700
32356025
37434278
65537804
2338
17511
6976
70623
34940
90
8328542
27076935
66426376
50230342
7047080
7243028
27871
93469370
316433
7751
146365407
5418005
11780854
5562716
46325746
90896271
11803601
28295
8759913
16647312
38462
11860
18716
49111141
18713016
10911721
1664038
514552
8265996
38988378
37350443
49149630
13253
2494
52502350
43600
493163
31183262
49149630
50230332
3804
26203831
10796186
57498
49657506
1931818
28340186
41883172
772
41807398
3768
7214191
93468955
61849143
69168994
190123357
27173309
8310556
190117357
56711025
38172947
558414
8101
83550318
161102885
56684
27149249
636
128423165
60384
58756919
16870
169499720
82421869
38680384
18597354
477873
156240514
570877
89835491
129880952
49619605
90858929
41875767
4824
16024
50230346
10022
38429044
41875767
11818183
34568323
94291252
59462
4814
50230332
25954
18472849
49433428
9764
77732699
93468955
287442
93468913
93468955
7296
41767180
35295846
8328542
43746
49578913
50230344
28107
36316
41875765
93310350
56686296
56717481
39942
454
44207
50230342
50230332
81103454
41875767
73138540
16797171
49091103
46925565
32
149285634
27178884
137587282
10008
11272303
60823
6760
31050690
29292835
8284347
87966417
38974293
16312491
32962121
38451139
50230342
23025051
26652344
636
11806533
109821690
67860278
126
27755461
56753
43238767
10690506
51397882
4776508
43760984
25740638
18097614
43256
1005
45169675
82600522
83490562
58371506
68432551
445070
1542
37802535
6469934
43238090
50230334
528953
19871568
43239575
108751854
45799
7796
6673135
85000534
156632221
7231184
146239689
4824
18472661
78107396
10686743
9246183
99016471
114024983
10782415
49133863
38571338
93468955
58828246
32164
42907274
50229435
136863393
30
70861377
50230322
121312153
59712
40719211
2220
51541
78533556
772
724
24877
48756047
37808472
669
9445
50230332
33005542
91798837
3585678
9733377
580454
4711560
50230342
7021
93468955
114927867
59801647
49572988
57798189
664508
16204059
50230346
101535
87325436
138927420
16464
40900717
499075
7720560
55343160
49106166
9943
50228658
4905
49652065
4814
18547954
92570393
32024861
31162193
122819
8082972
40693643
227033437
132652050
49658203
5209583
49036930
26813971
103905841
7249885
4987165
425
1057371
21972528
71372943
21986685
18793197
50230346
7778252
4181945
7261179
17979349
8100958
37350893
47950257
565
190071227
10921275
4268098
38123579
50230342
7222589
120562974
48987787
8283980
8279
1021
59690259
24473182
27982
5857
41053528
16300053
49652065
56490112
41207767
50230354
14754072
10729474
11113640
37349571
50230334
960
12219
18605147
7238460
94415137
79138307
60898099
35223772
7227083
14661315
47616229
1041622
16123
37918832
49150916
93467916
98868679
7076
34640640
40717541
90333746
51139
37422822
123612467
13463975
75754
9243457
7831488
41875767
960
11716565
115501707
17790242
72284
4824
34760
4814
30598093
10648345
10663081
553679
11295898
12639891
50229435
93468037
34807
22564
17163997
56706893
7289520
30579740
49057345
28859260
10567
58536681
49120611
16538035
43917
669
49585921
16258406
48141692
109556834
3279146
30111621
41875769
26284
600
227194
185594883
93468955
34417055
43760623
11803601
10908566
43236808
27681568
37574876
18062718
11806533
512648
26661855
50230340
25040
539850
54125031
41873339
4004
206932999
15945885
9085158
125590294
62171407
40703311
17873734
7751
27755463
39515
126040456
42044
69656046
49106161
96171720
99375299
12652745
78011378
50571703
57929279
49546738
49145930
42200
4824
11516779
38290425
41883344
22346480
1952
41848326
101940064
46205326
18588873
25
509645
59652
7278533
49026065
2536356
93470184
1313
7751
106591862
49137758
10028
221128005
95899720
291556
27173560
605
10704361
93469370
16779576
40703301
6916
15701298
7838147
10020
18129
6566
50230334
10643307
11217026
22512864
2224
19022642
74876029
49145880
43145583
24124
17323418
31175645
64440982
28032
98781192
129771151
81
170862126
18430458
93469580
57664
8101400
44084771
180763570
49145330
16214402
93469370
3238
445056
50230346
77377241
38351402
89731613
67848416
3022
147526069
60084959
40178188
545
546
43760956
88234663
78847
41869284
425
49660035
27652755
22784653
7751
496892
50230332
514416
16952778
34064483
10343
11252469
121253208
25100836
62709819
40732708
37336
61639297
7827
7243480
7185
6652
125290923
58597991
2402960
43760595
164654
1016
23659746
49140067
89820983
20514218
82256141
28023679
38409828
49573693
44728
41261715
65577625
19669212
18026848
2257
38273253
425
11277331
12045
32436918
94977084
107984
77374238
44202
22804
93468871
7195251
64010396
93467916
27139609
31543795
8100958
15326881
112366120
35504938
27154320
49135444
8083598
18023801
26100
52869
176535673
31320022
9174885
10728110
128830401
37803724
89802995
7162057
49145303
318
49553842
2232
458
59043279
16292
51691394
1016
41889414
26102420
4814
10792400
45897754
50230335
10847640
185005
11360901
40230369
509922
48065266
7215912
526948
7263603
20483817
16591060
479310
199252
49095702
9764
51417
75507750
19931720
3007
15745
13253
70012312
56735737
3265
27175345
1042
11223196
2341
939555
37942
648272
495
60433
38491005
89827669
17694446
55994
18056001
93469534
15139
11864
183024
50230328
64646818
396991
38510239
475083
7721457
18608660
30901658
41818629
93468871
30154156
3804
27152240
28042121
754
7001
40683863
58801986
49100685
240629022
39103775
182999
19910195
7780814
52798
10620378
16223
49141892
7567570
27684185
62345821
60646558
42232649
600
93469370
2883264
65198924
76974692
7720561
156556193
2918
31014734
40714313
88944082
464
2565
90080933
50230340
11363298
19619512
20452473
49135090
508637
50741273
93007649
8880
24145043
54343499
7926
59628133
49150646
2106
5593
7076
95241106
1119958
707
41529024
44439766
11245
49565356
8284350
89735
38451827
4824
11265821
50230330
43238787
93467916
2523
34053372
57211
34256880
17933262
175816
160816311
82633195
41820908
7214040
68964
33122129
49151416
189477
49655646
89750869
118464311
99665
41713936
35514515
4481374
127639901
18081836
10033
21985010
50230346
40191864
58022
40177023
10413154
7076
18912765
57164
93469370
29679
27121493
93469370
18949123
11257026
40224405
8101356
34842150
3996639
56788606
600
15986680
9767045
9443029
111159296
21839
79121734
50230334
47943868
85266
93469370
17951222
40196764
86282164
50230346
7612
49062510
49656983
64199116
7213996
521919
49093290
11211918
17521897
38267012
6198
11054
157599747
59632
49098990
40874169
38673289
20257616
70285
27133955
58261481
130687329
50230340
51106
56799416
39261196
18090
88101074
59493558
49550901
63117
87099895
50230346
518042
190030855
27886342
49122497
56050
25685881
110358777
45798360
203237973
49420183
8326
61557084
18416205
8083218
16000
2100
9920984
59698
49149897
87040129
40170786
101175399
49707289
544901
2297860
1609
41389532
103134972
11256617
40238488
175431345
60966234
202134376
49090304
10841961
10642437
43758996
31033122
14659220
50229447
81438821
43238102
49149630
7001
13039373
19759932
85087
10991276
12160436
23426318
157883647
45300710
32703385
60843755
115152
34551
47926360
1159086
31049
32918
174893
96401523
10241
7769502
31056670
37427540
93469249
49645998
7720560
18605142
527803
75948474
182891555
1005
49634012
18590503
7859398
425
455592
38364770
49630637
18471192
48848210
3411
90390191
10665039
501676
54893409
182999
607341
28
10856587
509924
28610069
76070015
8897
41203585
110497
76551192
92527951
12724
93467916
49108147
19597415
8331
9720536
93468955
18074104
2416
58508983
23863
41875765
8146710
30276774
41821625
37834862
71811429
17610388
43238536
7931877
87771116
56790215
73943
72702140
46824449
1704
17335
164996659
524080
50230340
3033820
49149630
6244540
11100014
38633
47951555
37880431
52751
40886721
15652058
14157493
89834455
14594
7934098
96179742
16398
10684254
507426
50230334
40728138
93469370
45719224
49709274
78748435
49125444
156996207
80820882
1726718
17899797
93469580
62441114
93468955
36774
37921519
49652065
6483270
49658832
89820541
43238102
10782985
37929757
48515
193257
560756
84202
510668
93665648
4567
41875753
50230332
49104560
87866
6976
49565987
10705286
49105527
40168476
10639236
50230346
50230346
56794218
1609
40182097
49145875
4814
11803604
60354171
5046011
7258938
50230340
8310229
93468328
1333
56692994
8101400
8433030
50230346
58574608
49658203
38281874
16610
1005
412
14393825
731119
18546300
9257
75069225
142235898
67110
50148828
4441
130954248
5666616
7720560
2890
45016
501126
7246789
7234219
93469034
49137919
17699374
2565
89823092
9753
112124669
19754824
48002
136573
41876028
7724870
509129
226958
7001
78872020
6976
7719
130956853
43866608
51598156
50230330
43760005
50230346
38442066
4940955
49522494
1791
25051517
56767
49151747
4214
49710109
4635
10797510
119319949
49115910
10989049
21953239
52787063
8328542
1693
8101332
1944173
3964
59971
92689726
27827160
49150189
7126135
7198247
10653848
103647717
17136
140070322
10051228
49086959
49098704
6362627
7254280
50230340
70530593
425
19575154
94471078
49126543
26878804
38926054
1471
50230344
528053
10661339
38405362
31264261
85888
475070
1570
48297
8083062
66120013
2918
107257174
49433454
60010630
7871102
27571696
7076
10648152
49710730
10667237
49073289
57110
56703
8117
83502876
148928929
53121
22230914
7833201
91951037
11208546
59450
17936964
11803604
60865700
560655
5497563
125065662
49633938
89835245
39794
55096042
30
536781
49079139
49603460
10646508
11298071
2198094
71610108
5793
540564
4940
546
5067874
49149630
40695309
49106166
72064121
38315453
22238087
130706009
5035
49127885
49143628
1713
1179
49083131
58008314
82257243
3067
49033541
93468955
93469420
23472
20577
11163700
2257
50230354
4540655
10817199
6665
4824
6616
50230334
18201235
42368396
49114092
11993815
78561670
543711
18074062
28749564
41065258
10813378
111287410
15225006
66251594
86248983
52745386
49652065
7250847
93468955
16431478
134873744
38298400
104700
1489
21930543
93469370
15504664
77374238
27649753
58757943
3005
111913
49633904
21973873
96388081
69560072
10647510
70543724
50230344
10809448
26752
528574
22798863
4132949
77374238
100909335
16761
30567188
179941446
93470184
7286467
27164669
7612
11329814
49096251
75114380
49634674
1144
7820095
11591234
47976218
167107
82257251
21382959
1153904
46885
1411
9532728
67863503
89825751
8284335
7240751
57140
19225
157357
188
60200
197753353
37848018
125161192
75961211
45
3064325
56671986
51484269
2966
41833838
158458192
40684138
547980
49652065
7221768
97939617
70126
17989373
49128589
8310256
9265298
37372880
19900128
332684
26029253
49707880
33442
85884685
13286158
50229447
55655197
98522756
29400768
7720560
33590290
7853393
76124852
43760047
1952885
79700306
41875765
49078621
89808655
20318685
68106420
93469118
41875180
59947
93469370
7720560
49142417
503865
1575863
10650330
97741021
12557
8083070
50229483
5351
47285458
49140227
49657819
751581
12648337
44450067
40200628
78539030
28892962
26650572
37038395
67966649
535891
29092960
49139439
11123019
558460
102
414792
93469370
5297
485815
43760077
51106243
114931680
49113343
4155
1264
159582905
261610
40691539
425
40164214
93469370
31806
21984986
50230346
50230346
27068928
145042983
29083400
15869880
40680550
5877352
104478
20408723
50230342
94162
93468365
49655670
49652065
31263780
19914165
32303322
8083042
40228179
35212251
7779650
49573693
18702862
511338
10752511
21869450
45899021
84656580
49652065
13652012
63387
493731
15491689
80577441
21307543
18605147
8744
46071860
3325416
93469370
17918314
26096
7239734
60429509
199726
5791
41837407
24508599
101145108
6469976
104172363
41889388
2439
218058149
45390390
82257255
8083043
7233045
7001
11822677
18605142
49626576
93469370
7076
190
7274490
57089
163946928
16333837
119195023
32901652
70061127
11294173
57132
56713
1389378
8283982
32918
41901693
177274253
18037847
27169062
60521358
25109029
409
10132
1449
7714017
12757984
75
55921
50230332
4424
154036748
105604549
80064824
18035954
141796937
43238090
4824
65300807
13477
25772
33433
37414310
59159908
10043
32061
21963862
522590
8310249
124947572
37551654
49356589
124578735
2077
50292937
10008
545
85411622
30878800
26281140
31047515
275350
89828827
49026055
2121073
50230328
8328542
652973
4401613
214193863
20897589
50230342
546
636
343
124922907
15455805
35209
27134270
93468955
49115427
8083598
89837464
544042
23301032
87730372
10539473
3917
19957
27369852
38685818
16266460
36082522
30653285
24978
54169096
33258237
40696308
64569153
471351
4034511
34968
50229447
2985947
4799
11293903
30954162
98263087
905941
66372357
77377241
497374
561120
16974378
12389334
1526
38965631
202631107
19148
50230334
59113237
40725607
10726969
93468871
50230340
18061915
47976218
27047
60208
41884309
505598
143357145
3052
34996504
40233640
56823278
40678533
7226878
18086260
18820
26816548
24426280
38472496
10812052
71810523
462
7612
7227033
182650812
8870694
48956679
563010
7249327
50231710
1020
20
10061
7064
59558
1007106
130063221
82
50230334
7786403
46951049
1959
22646
6976
551877
93467916
38423878
2306854
49094947
2877259
75982
27155942
19277
10872086
76366229
4830824
1614
40728750
134886197
114633325
27157133
7224769
31183204
8310254
11242266
26
57128
7900373
50232729
11991595
18603102
272
49114296
26840366
38137412
8082958
17886934
21318
18602920
18054969
111695890
37799658
67284156
3483337
88611
990
10588735
509922
542485
33946762
38299287
24973
14159478
16761
83311494
13330
10505535
6836699
22496759
6608831
37729316
9618691
48072
10626256
39854598
72585395
24553
33334712
17962979
30127786
41476
93468955
7288195
22030
93468955
34028661
68265585
165193115
61174152
464
389830
81044
46894
6079894
96865087
31438
8284335
40738213
7248584
43240492
55
40736422
38232597
2442
50230344
1028968
11248650
538282
10856111
466
96550772
11274263
10158
59716
49657291
124012102
93467159
93815133
7809720
93466864
21742623
28337527
7245560
82706448
12283
11639578
11322476
4379
49109139
568845
4171
550166
18074355
92148
2341
10657837
1697
15160873
126945156
93468955
508554
79282204
49071615
31181801
54725702
48173738
227206
13915328
50230328
68961658
507426
125354
298627
56083
40734645
93469370
49638816
67845717
500459
33943598
7821261
56774860
49068595
1438
93468955
8101336
20338
50230340
110274310
17461
49154440
48936519
31188516
506609
49145875
33603054
141948024
114821
60915290
49147903
2972
50230322
5422903
79050470
3501
56833025
501296
89736398
8100953
8233292
25986024
7776565
34501033
464
93469370
40747863
50230344
522057
29334282
26048676
774095
51179840
41879622
158988195
102603
7266
7202630
1490
93957697
57089
40189605
59728
1548982
26814694
7927
33311809
10673943
55268
133160687
89837045
58781769
35900079
3216287
1128215
10689197
30916536
50230346
160126056
3308
11542496
18086684
78196277
89808718
53056
19933
56874639
68611273
38810379
7926
49094800
44207
59652
41875779
149689672
7779641
8498
7235015
30962608
43760982
106591740
7235446
26133753
49658203
93469244
7607
81728275
8328542
83612636
38604
97053326
7290
30299714
43236347
5818130
18605147
49654805
32792817
37427398
14665296
85042819
26005982
49133661
211381447
108537538
93469370
49711268
3413138
27755461
50230344
61979870
93467916
50230344
15302624
27144428
49115427
40022
31069415
98590963
11259353
23503
522994
112890493
464
65127480
30995620
38368691
49149630
11221486
59672
6804269
97098321
529298
20465730
16135812
3422
28
1270791
120426583
19404957
10699864
38967292
88465639
40171458
1768
50230342
7189322
41856754
227206
6282
552170
41819531
513941
6780
93469370
40688664
121139
64903
23579545
11663024
50232771
500549
49149889
2216
39047920
2385
10812380
54334055
37810051
2927
49143628
2562256
4900
41716907
391
2863
101230
67253659
41855410
49089196
109083979
40861383
33983398
538631
127434306
11240530
134917979
7736536
50230332
18605142
49642670
3362
42982162
141815577
75562
67784689
31045448
49708480
3633
49057359
59177
11800839
18450152
14185
52527630
49120068
26096973
18550458
89746260
3569780
93466906
27755449
11185657
2954677
93467916
49070178
49108990
505189
20375301
40691035
7768839
11217441
93325
120113990
18854
39622004
46502596
4814
50230346
40045742
11122963
27692391
49710754
104663569
500656
93469370
10689278
88526570
11293308
19665809
750
8083251
133408210
57682
21984960
37796271
54834165
47945790
73721705
530655
80747731
4824
61050604
19304
10613131
10772
1433111
43917
49658832
50229459
18095075
35305
37426624
50827683
507133
244
10821399
591
60962674
50230328
7271886
56684970
338
54813
10639973
50231710
49029555
206932994
52709451
9034
108964865
41832135
38368691
67854117
10619572
42313636
71547450
15124
31289965
7074
7210962
19950
50232771
79974743
968887
11227933
67844562
67411
1883
49634010
6386055
99950080
72423
50230340
4220
27141869
57187
40727438
67662198
1992
64909214
38591
99665
7241339
29911
38768356
66556122
7208671
50230344
49149884
37816941
26139
509922
11668746
30577957
64182779
31183288
7775309
21944175
636
49092164
22465979
33725445
10704966
49566030
13645
52829
29926
49283
10638877
49602324
48334673
183415167
40732744
551908
31618761
56797171
58776398
11638387
126055526
54304438
86393126
89740922
40201654
5796189
16333859
420674
50230334
31259300
69498941
49077587
11921
4233398
1019804
18602161
1526
55919
2985
2257
16902597
30946161
507426
18888531
45829808
2190
9478644
50230340
431
119040957
14344637
7769038
23485951
38988846
20951791
190453662
93469370
70013056
7218775
7785670
33042306
4804424
93468784
50228539
69560376
464
77374201
16025034
24167894
1005
10775
41875769
50230344
12840127
49631733
219
519286
23472
10043
227142
152791
42285773
93468955
44207
397
50230332
105254130
8101368
50230334
649
31183262
38909296
7991
49088697
38179648
600
113153657
49133553
43238633
5699317
520621
496480
129311328
43761004
89829748
7207243
8073
26865267
49663445
507426
507426
38299014
4239934
21943018
57911421
1005
49094701
11827976
57645
43761261
35975575
35340550
53574
4791
10608592
49117239
41850100
707434
4824
64384
93469370
51108282
50230340
2437
152311537
31171943
56393
11981
723
50232771
10691004
4982
41875765
25612787
7074
10811291
40848
21801
23088
40238638
93469165
1168
72108141
93469076
50230344
18571335
5884
17941234
78333416
7754985
60894624
44932215
8328542
1360611
34161779
41879213
43237097
18605128
1304730
2013814
574367
36182
49074536
37427759
49658203
49652065
49652065
22363228
1880634
40686390
5797442
6616
18791
1005
61914260
21924882
88762192
50230330
34462532
43760623
21128
89801543
8328542
79003478
49117138
49642731
7926
11298387
20466162
13927018
93467916
23948009
52129
103403056
31002484
10801275
3758266
50230334
3771
76030573
579
29429040
4900
7720560
29295334
4900
147077841
43760651
20207985
118558404
98679576
93468955
545
115205352
31035081
49136393
147812379
49649080
8082952
33801639
49658203
17692
49658203
1012
18080263
37808017
27755415
14499896
133032579
38273727
515118
67100
19910842
80551
576
40741529
3067
16612521
13904349
49589768
43761280
65273051
93468955
260090
50229435
5087624
177995
40178188
8283980
27164681
18251
13814
49070180
2985
82083367
93469370
93469370
49607990
111475196
56398831
125092
56721
43667491
7791164
41856960
33729
49652065
38339777
17119281
351261
38291370
107898310
68611572
97679
40199407
11251540
11271591
43236659
22420
27688895
47657512
17885208
68
14056
1407660
49083608
37801168
19965
167829735
49113334
55054
19262046
1614
43240492
81193775
37711798
47929694
34301561
50229459
49145875
15308300
4900
8411
45196
26410
4545388
12880
142463
8101576
8328538
33883794
7877485
49149630
49101010
64463
30262133
49710624
23472
21984994
49137435
37846249
242
9753
59604
63821
50230328
126174080
13222
73230955
32026828
16101
28350
47938537
7218807
18081867
10854024
13197965
44621
458
50230332
131932896
65742003
531783
38978714
38441388
5640
93469430
6653501
3739891
22721478
22188801
12023825
16341407
7799622
18046132
38443001
58761302
109146918
182812
1785
31658693
25836353
2802531
24090569
585
3809
43238536
40728969
49652065
8265996
6351
49852
12747
18450151
41873732
41852988
7727926
20408684
144561179
41880243
44207
26490
49652065
12692046
57123
18030068
497310
516434
52557
160560386
23091
5743
41875769
93470332
10863723
93468913
2048
40742878
21885207
6986
49657221
11740
95223808
521735
50230344
21900844
15495726
45118624
45539550
87090745
43236808
7208748
636
9343
9845
2754
50230332
227206
141502981
93468955
61186663
31047859
550871
53524
31186681
20923045
1244
22730858
49141350
2943
27942748
938128
49652065
10008
31277563
29065391
92281173
41724333
3570104
45838105
47969986
17479285
56236
37849310
56733955
41875767
579
95207580
52246
4310
544265
7291
425
516984
49552408
63772131
5551
37796368
9840
86355264
8283980
49506673
46272951
49658203
18251532
50230346
960
93249760
94888562
62941734
49652065
80798379
77667212
7752284
18301
5565
60064923
2442
7221193
78902573
466623
7749489
49149630
20430038
8083050
42
58432
53960
6376996
1263219
31060786
66198950
27755485
10673943
19899044
58580194
8284349
47938537
60214
176788979
1005
213295486
49631652
40723577
30897940
38246843
41883564
66742197
2220
11262026
93467916
22773643
27
1005
43311193
89805485
38746875
57152
50230334
14433393
76821257
49746884
136592917
623
33005563
93467916
7712778
251
101078641
12317
34835182
56906623
7936519
10644811
32026660
38705813
133525720
49080262
11284
10732233
18141729
9034
49515298
7407875
31022055
8101351
8283982
47186004
1396324
49143323
7236012
227174
49080270
2722360
49127848
10688735
69275577
17987762
57142
50230334
42161860
49642793
41887184
222558928
18841081
158986919
43759583
20120961
37378370
142549
4489
26589106
11272056
510667
11298307
74111
8328542
2437
93468037
101142228
17618265
52896404
27147444
50230334
21970716
41810
50230344
49149630
10782913
108530813
478227
49143852
10603641
6247040
7754854
35466898
57637680
95
12940530
16082268
78717101
182999
476931
93469370
93469370
39282981
57166
11568646
82257366
8600489
451625
56407687
50230342
49652065
75718151
82723454
21343635
74687
49145880
50230332
85852794
483182
8328556
43240480
2691
89013414
83968369
147902
44466684
11240580
76458
49652065
37238807
3005
49634022
511338
11810612
12975846
87756316
182999
7927
93469370
47934498
8266042
37801778
192
636
8310249
49643820
45761180
49045248
1736913
7743
49106166
32745384
41832140
93470486
8310556
67862763
40721807
39990115
300642
49044011
524015
46272906
46685
50230342
7234842
29351251
33338
49652363
2985
3488
36288799
29297222
70489080
50230332
72076152
1823269
1951
60306220
93468955
37854076
1254
58022
49081757
74109255
44207
48676725
26474
6976
49036736
486935
93467916
11982
11290337
47979
3052
58831182
163034312
102491
98749341
18581115
18605165
77872631
10035
52014870
109157
43238278
48108862
550343
7258722
44169826
38027774
31052363
1204
512203
30931024
54347
136377859
7234585
24817928
33954302
48113988
30981163
21833657
2035561
27118567
4900
528105
48983
8310556
10800426
16279
89805343
8328542
157307747
18502216
125897118
11297662
39702418
11187579
38814708
34506659
31061478
97769954
3059
34917
92797274
11295971
49147778
7515
11323947
17984349
67861957
41785491
11718375
41899966
37854220
10155430
27672305
50230330
49100302
22420
8310254
425
27186325
2985
6090
45548854
41793480
190071228
50230340
40178854
18052049
84042286
27861298
11306146
26494367
56659775
15245883
78527194
31732576
26549
636
50230332
6351945
49069440
41853563
4538
518658
26778078
1073
49087274
10669324
40902919
69123233
19614
57748310
40230807
36659799
37690944
43758998
50230334
50230334
7074
49568677
10087749
514605
18054162
103783374
17977
18879028
49646716
227584
50229471
93468955
49098623
70478290
46524982
1526
93467665
7056
25194026
52928315
10705286
66300068
50230332
55144762
49050606
7833422
150
2742453
9133001
114318147
76436879
93944026
27421
93468955
514468
3374614
491704
7235156
492409
50230340
61971834
80052635
58328
1733612
2667
40060
59638
21960923
82375648
27164681
23498
7720560
12926159
81344496
7195960
50230342
49585936
1150051
36339
7738703
50232771
490806
50230344
114124700
11302273
6904137
5179458
17978
7785670
7232927
86024371
10425105
33026822
35273646
40749038
41874278
6290024
182999
1731332
11217012
68223843
80896
2791
8101400
86482544
14614
26498
95202389
23472
31204932
38463165
5868860
3625330
31057748
7240854
28796927
50230334
31196711
22737373
93469370
509922
49033667
49073624
105330088
2442
7123798
549242
133264
7720560
55212862
55717648
9074919
7256194
31092366
32796828
13955393
18297
11799306
49133706
8083043
182999
160024536
78230
7179
173461112
46272961
38368609
93469580
75520982
56677182
58575144
41853826
509778
59657
37226160
18481771
50230332
1678
31094010
7203060
69945986
38680374
93470142
44082508
464
156998110
50230332
51287122
4814
49103570
21984163
34472438
49636387
41765385
49622649
593282
88245279
636
636
39760
26560233
1261027
2103
545994
38683004
72126920
126972874
18791831
89827606
50230340
21842698
40712227
16256066
41877465
33054
42
579
12478
49082947
29855973
47938537
93467916
10529643
127762
49652065
109175960
11816562
7792
41880076
93469370
23472
112294519
93468955
37841713
21966894
59947135
50232771
7198246
30400284
64347373
130
62297493
50230334
498271
77374238
7215828
9331681
50230328
109146148
13712
39364336
93468955
774077
18878052
8100899
22121
30157311
49136160
50230344
636
49110963
18472637
47973623
64388
50230346
3592136
68868261
56451366
77971
49136340
2260464
47924
31052902
11262094
57174
524691
9937759
37376702
537083
9360261
2735
4746
740
32052
10817950
138786648
93468955
62156
15029552
93469532
44562
31179680
40227742
93406274
18082219
49652065
10680065
206156
32026494
10673663
118256
492852
