10
53355656
9
6
14
11
11
1045
12
9
14
3
190030245
3
5
7
9
47975045
7274502
4
3
5
3
25167563
14
10723614
11
3
3
11
505178
3
5
7
7762718
3
11
49641031
9
9
5
8
79148849
3
9
4
5
12
8
8
6
12
7
13
6
49132516
11
8
3
12
7
9
6
9088567
17
8292
8
41992175
4
6
49025000
8
3
3
8
7
12
4
10
3
6
5
25898962
8
10
3
40169971
5
27657870
40739978
11
4
8
11
49642851
9
11
6
41871610
12
3
11
4
18444497
3
8
6
3
9
11
31088
9
12
7
12
15936642
9
5
11
5
41800899
4
7
5
10805936
4
83701345
27684654
15
6
7
24
3
47969260
7
5
384
13
8
6
5
27170121
6
7
21939436
7
7
16
6
7
3
8
4
6
75628231
5679
8
20377216
9
11
10
4
9
4
8
3
17
5
4
31053305
10
4
8
11
7
6
16474
10844911
5
11
67843696
8
5
41832140
5
19892871
10
49632206
3
6
31075638
18572282
4
13
13
8
5
8
11
8
52652
109197544
11
11118841
82907757
10
47952896
49642171
8
5
4
26853401
13
3
11
11306531
4
3
4
10788392
13
5
5
15
10
9
47976596
3
5
3
10
11
9
7
11
60575
3
47938202
4
4
9
5
76431
30585242
20548941
4
8
12
12
3
7269473
7
7
4
12
4
3
41832140
5
9
20513283
7
12
8
7
18572568
2229
7
12032437
3
5
7727472
14
8
8284
6
7
12
9
7
9
8
8
7
6
8
9
11
3
4
7790230
12282
8
4
3
13
4
7
4
3
4
5
3
3
5
7
8
7
13
8
11
11
4
10
18027803
8
4
7
10
3
11
41856346
9
8
5
12
8
40228122
10
11
5
3
5
4
4
15
3
827875
9
9
12
5
4
3
5
7201887
7
12
48561
8
7
3
6
3
7
467
8
3
5
9
3
31259337
7
7
3
8
13
8
4
7
40739976
7
8
3
6543568
16079988
8
6
13
3
8
64514812
5
4
6
4
2579
10
5
7
33279634
4
5
7211612
19892871
13
10
14
16
18
9
41847593
5
5
6
6
38305068
7
12
7281409
3
6
41856354
31065165
5
11
3
7
8
38365996
9
5
6
9
6
5
4
14
7
6
4
3
8
12
5
7
9
9
6
3
9
7
8
5
4
10599
8
4
6
7
5
4
9
6
13
41856360
4
6
9
13
3
13
9
8
11136448
11
10
6
6815
5
9
9
5
10
4
38938713
3
7
12
10
5343
5
4
6
10
10
59172
8
13
4
13
6
5
7
1585
3
4
3
11
49709743
4
3
7
10
6
10
4
7216054
9
5
6
119777
7
38449898
6
4852344
4
3
6
5
3
18582365
93467912
6
9
3
12
11
10
4
3112
10
6
7212592
9
7
7773168
4
11
9
6
3
12030
4
23236604
4
8
3
45392
6
8
5
5
9072468
25691529
9
517395
13
3
5
6
3
7
4
9
46320033
31241759
8
7
9
9
11
4
6
10
5
8
3
15
76138282
11
76641
4
6
11
6
5
49136163
8
8
4
4
49708632
6
9
12
12
9
29909586
10
3
11
11
6
8924
5
12
3
9
628634
4
5
4
3
5
33929614
7
9
7
25175
77355543
10
9
8
5
7
5
3
3
12
89473398
7
93470310
3
6
10
6
4
10
3
16946017
5
4
58347392
8
4
11
7
518939
3
19905460
48870
3
18046609
10
10837471
5
5
6
3
9075486
9
21973136
8
6
6
5
4809
3
9
5
49138141
3
5
13
4
6
7
2338
8904
7
8
7
64685698
503508
13
12
8
3
5
30255202
11218694
7612926
53355645
6
6
10458586
3
4
3
12
5
19992
33376449
5
90605
32153051
4
4
4
7940064
6
9
4
5
3
8
41849031
56373
5
6818
60738
11
67034607
19915835
5
10611562
119
5
6
19711796
11
11
89808316
14
5
4
7
5
69218
8
49143634
3
8
11
851
11
6
14
13
59597
9
6
9
3
5916
8
4
4
8070
7
7066113
9
9
5
8
13849
4
4
10
5
6
11
3
3
22
3
3
8
14
7
38504393
4
5
4
13
4
7
10
10
5
12
3
17809
9
6
4
13
5
41856683
11
12115
93066615
3
7
12990795
8
5
7
10
5
11222528
15
7
16507467
946
6
7231426
10
3
221
11
3
4
425
6
60592768
12
4
11
13
5
7
5
6
3
40487418
13
4
3
3
6
181479
8
8
27122866
3
3
75668325
6
71152427
25280552
29890871
7
8794
5
134236
10
8
8
46045011
8
3
17
7
9
6
550905
10642446
3
10
6
6
3
4
8
6
9
5
14
50230341
7
14
93469245
10649745
7
5
11
13
4
4
27665160
5
5
7
14
6
9
35839
5
7
4
7
33280843
6
9
9
5
106743645
7
4
6
600
10804977
3
117385153
6
6
3
3
7
8
5
7
4
9
3
9
5
3
10
4
6
8
6
6
7
11
13
7
3
4
11
11
5
4
10
4
41865386
551759
13
4
6
11
8
18609423
34
9
3
7
3
15
4
12
8
3
5
5
11
9
7
8
7
9
5
8
10
8
7240510
10
10
41847593
13
422
4
6
5
3
34969
7
11
2074
12
5
3
3
8
4
6
49149642
7
37229030
125
96657
29851
6245
5
11
10
11
5
6
17855037
13
7
6
7040642
5
7
4
4618
8
9
999052
8
6
7
5
21838028
12
6
6
10
3
12
7
17
7
5
6
21973135
9
6
18
6
11
6
6
6
10
6
5
3
4
5
3
9
4
11
3
11
13
13
8
6
5
5
12
7
538
3
3
8
12
6
5
4
5
7940064
3
8
3
5
2566932
12
9
3
8
9
3
3
5
14
37578640
13
3
116568449
4
9981176
4
8
11
10
3
6
7
78531522
5
6
4
11
6
10
9
9
12
9
4
7
4
3
4
11
8
7
9
14
5
58877
47952889
9
3
18346
4
10662298
5
4
11
10
6
7
11
10
7
6
4
13
8
5
3
7
94105414
3
5
2070
11845327
6
4
7
19892873
10
20056
7
8
13
49143780
11
13
4
4
4
4
8
8
7
10
56199
14
13
13
6
3
78012730
49621169
5
10
6
9
44593455
6
4
11
6
5
4
11
4
8
8
12757
13
3
58773742
12
4
26788924
6
5
8
1210632
10
3
5
8
6
21962212
6
3
12
873700
4
10
5
10
3
10
5
5
7
6
10
56348639
6
12
40676571
3
63541468
3
3
4
11
3
8
8
5
5
3
3
7
4
4
14
3
4
5
41840468
112393917
9
5
8
6
10
424204
4
3
17
8824
19
3
3
3
6
12
8
5
120632
5
6
9
8
6
14
6
6
8
8
7
4
40678812
7
7289034
13
10
11
9
9
13
4
7
7
87978912
10
3497524
8
9
21839669
10
550911
4
3
3
6
7
8
4
3
4
5
10
16
4
98900398
3
7
10
4
4
41856354
10
6
4
9
9
6
10893549
66760773
3
10804044
4
7
8
5
8
6
6
11
7
21950611
12
5
11
3
9
7
5
3
7260217
12
6
7
3
11153747
19905460
5
10
5
11
49071608
4
16132143
5
5
4
195892
6
10
6
5
14
12
16602076
5
7779668
41856951
6
8
10458588
6
19369273
30820499
12
12
49652718
7
9
6
10
11
34626
12
186639329
6
10
3
5
7937737
5
4
10
10
11
54127
38935453
9
5
8
3
3
9
4044
3
5
11
4
15
10
31148234
4
6
4
10
5
5
11
3
5
7783500
8
8
5
3
5
4
5
7
7250029
27120845
25677
4
4
4
6
5
4
10458586
6
9
6
3
4
3078
8
12
4
9
3
25067
39236204
5
5
49144410
7
82419
3
8
8
9
37441175
6
6
10
41675892
367
148251199
17455859
3
7
6
3
10
5
15
10
3
508636
10
9
7
4
17
10
10
5
9
62779654
4998
14
6
6
3
12
47936676
9
11
5
3
14
11
10
9
8
7
12684596
10
10
6
18602365
12
10
11
5
10
4
10
5
14
75634256
20548939
4809
4
27886
50230341
8
7
7
8
3
5
3
4
7235800
3
36251667
11
5
4
9
7
157569619
19914172
7
11
10
10
4
5
6
38204284
7
7
4
6
4
38038837
4
3
12
7
6
5
11
5
4
3
3
9
12
3
12
4
4
33740
6
9
3
8
9
12
9
338
5
20172745
3
3
9
94117
82807049
27677578
8
5
8
125917941
9
5
8
9
12
35379828
6
7
11
3
49093880
12
59596
5
7
12
13
6
7
8
3
6
97414551
6
11
4
12
7
211
49133037
10829306
13
5
11
5
3
76946234
7
13
1931798
18
15
5
5
10
10
10
6
8
4
11
5
4
109197580
5
4
7
5
8
12
9
9
22262
3
3
12
11730778
10969112
9
41874542
13
4
3
25640853
3
6
11
9
9
4
13
10
4
5
5
5
5
10
4
306731
7
8
228
10
3
9
6
9
6
4
3
5
21
89827572
13
27158525
17968254
6
7264380
3
3
4
5
20
34646300
4
3
5
4
7
19769210
144
101773386
7
10643035
12
4
3
3
13
4
9
11
12
5
7
3
11
10529535
8
3
3
3
8
3
3
18084408
6
3
4
4
12
89832191
10526560
9
47215
6
3
10
9
5
3
11
7
5
7258918
10
3
17961110
6
7257759
11
9
8
12
7240511
9
5
9
3
38581
4
8
6
5
25
7
7258034
15085078
9
9
6
4
9
13
7
4
6
12
9
6
4
5
10
6
7
3
5
7
3
7
4
6
9
5
8
11
3
9
4
7
3
41881559
5
31183618
45831154
4
4
21905495
6
8
10724751
10
41856348
4
38858827
4
3
7
5
10
3
4
8
3
3
21
7
9
5
4
7
7
6
3
5
9
9
8
5
6
79099450
9
6
10
6
3
7
7
4
4
11
28713592
8
3
8
3
11
7857141
5
9
13
19726
10
31074442
41876041
10
6
4
3
5
7
14
13
3
10
10
3
9
3
9
8
3
3
8
13
6
5
6
5
8
19948212
4
49014247
11
6
11
9
9
8
11
8
7
3
13
59170
5
3
4
3
10
4
28266218
5
5
5
7
1427577
8
89832191
4
6
49710059
8
8
6
4
12
6
11
11
6
5
5
3
10
3
19922238
12630188
6
163963632
5
7
12
4
7
7
7258036
16292664
4
6
4
49643959
7
6
3
3
10
6
3
25037
11
4
58038
10
5
8
3
4
5
5
9
7234960
9
4
4
3
13
6
47976596
9
41
3
6
11
11
5
9
11
9
8
5
6
7
5
10
5
7
6
3
6
5
5
41856350
16899917
5
4
9
15
4
11
7
6
14
47926846
13
116598
3
3
8
13
3
5
10738422
10
13
5
5
4
8
11
3
4
9845
89814453
10
3
9
7234960
7
6
5
11
10
12
3
4
10
64106056
15
3
12
7
6
6
7
5
12
41768847
13
4
2652
6
3
4
5
3
10
3
14540640
8
12
10
8
4
13
7
10
16
9
6
6
10
3
10
8
6
9
5
20276068
3
3
9
5
7
4
8
27111848
8
10
3
213013867
40346426
8
4
3
9
7
11
6
21856
13
5
7
13
40230824
6
11607
59
3
5
14
13
5
47936676
7
24
4970033
5
6
15
3
7909388
16
7
5
8
17
4
7
40176135
12
1292
6
4
8
3
6
11
13
11
10
7
3
11
13
13
4
6
6
11
8
24197
7985
9
529150
11
4
10
10
5
3
1237
13
13
3
7261649
3
7
7821
10
9
11
47968716
3
9
41855136
11982263
10
12
10
7
31071119
12
5
9
4
5
12
4
3
9
5
8
10
10
7
6
8
6
6
30024
3
9
5
8
9
8
7
7
7732198
6
5
5
12
5
5
3
8904
3
5
3
14
21150
41855436
7
6
3
12
3
9
7
6
116274612
3
12
8
3
7
11
7
8051
10
29593379
3
4
12
13
4
3
3
21973139
10
4
4
8
10
3
9
6
4
15
6
18899900
3
384
7216941
11
4
3
13
6
13
3
7
6
9181296
5
9
11
11
7
9
4
3
3
9
359
8
10
8
4
89832928
5
10
3
3
6
49830122
700
7
5
18031290
3
4
11
3
3
7
91792481
9
48148937
3
24721463
3
10
3
41874535
5
10786698
7
27167
3
11
4
281971
5
7
10
7
7
9
6
7
10
9
41856350
8
9
5
8
34644
13
3
7
4
7
9
9
4
8
4
5
5
9
48884739
9
7
7
4
5
5
5173442
12
10
12
5
7
4
5
34646300
3
37808463
41888986
4
3256
31059262
10
6
12
6
21954505
5
8
5
1027370
10690052
6
8
3
4
15
7
31
2380
6
3
4
2548
9
7
8
8
25
63562347
3
5
8
5
7238444
3
12
10
52663
5
6
19871571
4
7
3
5
6
12
367
6
3
38906665
10
3
15
6
186
4
8
3593
6
6
551764
8
8
7207141
3
11
3
5
7
4
6
4
41855436
6
4
13
19884155
41856350
11
3
9
49092016
38139355
13
7
3
4
5
3
37408849
6
10
7
14
7
10
3
12
57274
7
19
3
4
9
3
4
14
38111804
3
4
4
13
8
7229891
6
4413087
6
5
15
13
11
12
8
6
37396950
3
6
7
7
8
11
10
548124
5
3
3
5
13
41807074
8
10
21
10
6
12
4
8
3
10
7
9
69476964
4
5
5
8
5
3
18084417
3
6
3
33754795
89826938
4
12
5
7
5
15
62408126
7
4
5
6
521909
10
13
8
15
9140096
6
10
5
8
10
3
9
21966936
3
143327319
5
9
7
11
56445
17
50986
6
3
34508504
3
11
11
7852974
12
5
3
16
10
7
8
8
14
3
11
6
9
7
11
15
3
52235
4
7
7
9
3
3
5
3
7
8
49104912
10
4
9
3
3
3
3
30575470
3
5
4
3
5
5
3
16301069
8
31055160
3
2495
5
3
9
14
3
52607
10
3
10
10
5
40736142
12
11
11
4
6
5
3
7
38322979
7722211
5
5
19
49710903
8904
5
14
152325
10867987
4
10
7
18
6
31359
9
8
4
13
17645
7274500
4
7
66310043
17
18082258
5603
4
7
3
6
34969
7
4
63994081
4
6246
24193
8
14
5
4
3
4
12
11
3
5
6
11
11
3
4
6
4
6
32548603
5
4
3
14
8
4
7
5
7
5
4
3
7242056
4
49609479
8
10960691
72115
4
58606
9
4
12
3
6
6
9
7
6
15
9
33497
8
9072866
5
573745
3
425
4
12
12
4
5
3
5
4
4
5
14
4
7289
9
11
3
3
8904
9
41875609
8
8
5
12
13
6
6
10
3
10
7
12
6
9
6
5
6
6
7196
22193
15
7
5
6
4
5
6
10
5
9
9
31171325
5
11
4
9
3
19905461
14
6
40709977
13
61218
6
7772996
13
4
49143782
21150
5
6
7
9
11
41856382
15
10
9
9
6
9
3
14
6
4
8
32025127
12
3
3
3
7
5
4
5
8
5
3
2985
79397220
6
10
11
8
4
49138139
4
11
7
10
3
3
10
11
9
7
7
47976596
49510279
7
9
10
3
8
10439
3
4
6
3
3
5
5
9
8
1849
11
11
4809
3
4
13
7
9
5
8
9
9
9
4
7
5
3
14
12
8
8
3
7
30255586
8
4
10639921
18594
24086357
206659
6
3
4
3
53574574
6
4
11
6
197980
7
3
9
3
11
14
10799958
8
5
7214692
8
5
9
8
12
4
4
8
16
9
4
5
20
6
4
7274611
3
11
8
10
38661199
9
12
3
8
3
11
12
4
11
10
452288
7473872
8
4
15
7
34839
5
8
12
5
3
5
4
8
11
11
10
5
9
165428
12
17
41851609
5
5
4
3
5
59962
12
11
12
8
10
3
41858446
89787481
13
9
5
5
6
7
4
3
19335601
5
16978465
6
4
30153394
3
6
3
6
10
9
3
4
3
12
49143371
12287
4
11
5
3
5
10
7
5
4
6
41855436
6
4
3
3
4
7
340
96
3
4
10
4
18
3
7
55059150
4282259
4
9
7
15868998
3
32737088
3
10704393
3
11
3
3
7
8
3
3
3
3
13
3
6
12
11
3
10
8
13
3
258047
9
8
7
3
7
8
15
2180
7
13
8
502727
4
6
6
89828059
10614805
5
3
101141118
6
3
3830
7
14
40716644
49631798
14
9
10
29471952
9
6
3
8
11
16
11
4
8
3
11
4
6
13
8
11
87414667
6
10
6
10
38302456
17961110
5
7
4
7
9
8
6
3
4
5
12
5
49599820
27142887
5
10
3
5
3
26638516
3
12
9
4
10
7
105857936
3833
3
3
5
9
8
6
3
50092273
11
6
10
10
26263
33867
8
8
10
3
3
3
13
490568
5
10
14
13
10
6
6
3
165457474
5
1808581
8
12
10786698
10786698
7
11
10
68388
5
40743893
8
10
7
7269509
3
9
10
5
16996
4
12
4
89832191
3
9
3
7
6
3
3
10691012
1585
9
7
8
14
7436
78783599
8
13
9
5
9
6
3
10
38585
4
1798
10
8
7
11
9
12
17809
52784040
16
10
6
3
9
11
8
4
20400141
18088724
11
3
7
11
9
10
7
78735678
4
7
3
9
5
6
28796
3
7
1427
6
3
4
6
7242056
8
5
4
8
13
10
5
7
3
12
11261554
10
9
11
5
3
11307045
3
5
4
5
5
293161
5
4
21971639
3
5
6
4
4
12
7
3
6
4
11
5
6
11287457
11
11
5
5
8
6
9
10
8
27
4
13
3
11
49660508
41832140
3
8
6
22592954
4
5
5
12
6
13
3
11
23095844
6
11
7
14
13
3
49595473
6576
5
5
6
17412
12
7
5377
4
4
6
8
3
11
8
8
8
13
5
34059851
3
10
11
11
8
7
4
89832191
8904
6
4
9
5
6
3
8
8
3
8
3
2061163
7
6
41883362
12
3
13
3
9
3
3
40716686
58769338
9
10
8
9
7
10
3
9
3
8
6
3
3529
11
7
5
37047294
10
8
3
5
6
175574
3
5
11
504127
42770607
12
8
8
8
5
11
5
11
8
7
3
112436315
3
7
11
8
4
41856354
10
7
3
7
4
13
9
41861704
40739975
10
25560233
8
9
7
6
10
3
19905460
7
3
49050499
7
8
3
4
7
12
5
38711946
10
32337680
5
125
738
7
124173598
3
8
3
93469263
8
61292
7
12858778
11
4
5
10700374
13
10803089
9
10
15
11
7
17477
10
5
7
4
6
3
362
4
8
9
3
11
4
5
8
12
10
7
3
9
6
10
41813927
5
5
12
128816286
8
3
3
9
5
3
4
3
3
4
8
8
9
9
9
32765154
7
8
7
545255
44338220
7
4
6
511325
21908483
11
13
3
15058
3
5
6
11
4
8
37794178
11
10
7
72
6
66958731
4
99395
5
162077
7
17
41885469
11
10
3
8
6
5
7
4
5
8
5
8
4
11
7
7
12
4
6
7
6
40739975
10
90368331
11
9
4
3
3
3
12
4
11
22
7
11
486789
49638610
13
4
10
6
9
13
3
56737891
102807
5
19
7
6
5
9
17907507
10
4
375
12
6
3
8
7
5
5
5
814
5
7
7
13136
8
194
6
10
4
11302052
7
4
31165734
5
6
21986623
12
6
41856350
8
5
11288984
9
9
7
4
11
7
14
7
8
4
7
5
6
21973139
19895506
7
9
11
46183477
6
3
10
6
3
7
49510279
13216519
49136158
10
8
4
21969914
4
8
14
4
7
7
5
5
158
10
3
41800899
4
4
8
8
7
12
4
3
77376139
9
13
9
9
11
23664
10
3
7
7
7
10
10627270
5
7
6
3
5
7
4
5
28645
12
2223
49091407
8
17
5
9533219
213848
4
7
4
7258034
7
5
5
5
3
37425240
13
38984273
9
7
49566839
8
7
7
4
5
5
8092
41177036
4
384
38666297
4
20548940
23188900
6
8
7
4
11
5
4
9
41847593
15842
6
8881
6
8904
13
12
7
4
8
4
6
8
8
3
18043863
20756
8
3
5
6
77652990
7783924
61292
3
4
85699959
59170
10
4
890686
92247
5
3
6
3
5
13
8
7
5
3
5
7
18944309
12
6
12
56833385
4
5
3
9
41856353
13
9
7
12
4
27147717
9
4
5
5
49709918
9
12
10615004
5
4
24209
8
12
4
503039
5
5
89832191
12
3
6
5
5
9
6
6
24222
21038
7
4
14
4
40725562
8
7
5
40729002
11293413
5
5
5
7
5
8045
5
4
7
4
5
8
5
10
4
6
6
74528
9
4
6
15
41812766
5
12
20377987
6
14
7
8
4
4
7
5
3
5
9072468
6
6
11715870
41847593
4
195790774
1
10
4
41855436
9
7
14
3
9
6
7
5
6416691
535003
13
13
4
4
9
3
4
5
3
3
6
35172
5
9
7
3
6
3
3
6
4
49638610
3
4
11
6
15
7
49143782
6
12
12
11
7728376
18972
7
5
5
18613827
5
4
7
13
5
3
7
8
10749957
5
8904
16
10
4
7
9
3
9
3
5
3
3
5
8
15
9
10
3
11
6
41885214
3
8
8
49617106
3646
9
17961110
11
9
5
12
12
9
10
8
5
5
8
8
4
5
3
11
3
4
3
10595696
3
82777328
9
6
3
7
3
7
7
13
17
5
9
5
3
10
5
13
7
9
4
50459716
4
438
5
6
5
10
7
8
5
18057520
11
13
4
5
8
10
9
6
4
7
3
8
4
3
7
5
5
11231157
40695764
9
4
3
13
6
12
9
7
13
5
4
9
8
17
4
125037
1556
10830783
6
10
287001
7
12
86642513
9
4
6
10
4
3
3
11
5
55804475
11
16
11
6
3
59172
3
1237
5
47942435
7
7
4
4
9
7
8
131415479
5
8
3
5
10853648
10
8
46765166
6
11
11
4
7133
4
4
31090169
5
8
4
10
6
11
33376446
4
5
5
12
13
7
3
3
8
15
8
19875792
5
9
4
11
10
3
5
6
12
7
4
8
7
8
13
6
8
7720557
7
101040
37909545
6
11
3
3
11249742
6
6
9
5
8
4
49086511
18567875
5
3
7
6
9
4
757
11894262
30
2280
7
8
3
8
3
61133833
8
12
6
5
6
6
8
11
9
7
6
10
3
6
12
8
8
6470432
5
3
5
13
12
9
41856685
86282
982
4
9
13
9208731
3
3
3
49632066
7
5
3
47928275
11
8
7
15054
5
6
4
3
30976100
8
9
5
3
8
34984699
12
5
14
12
6
5
4893948
11285200
3
6
12
7
41856348
29319323
17
16
4
5
3
8
8233
12
3
8
6
228
8
6
10
3
8
8
12
5
9
10
10
5
12
9
9
7
3
10
6
92504
3
3
12
12
3
4
7
15
27235
3
5
4
9
49109493
5
4
9
7
7264380
3
43760014
3
3
7
14
7784858
12
10
6
3
10
8
3
8
8
4
49652149
4663
3
7
6
6
6
12
4
15076330
9
12
6
9
415
6
4
5
9
4
4
11566850
14
9
15
24803
11
5
5
7
3
12
5
3
5
9
5
4
49138141
12
4
6
4
10721040
14
8
4
13
90288959
7
5
8
3
10
5
3
11
9
7
4
5
10
5
11717749
8
8
5
12
10
3
5
18045257
10
41856354
11
8
62372132
558689
3
13
10
3
4
11
10
4
7
7185
7
5
503508
8
7
3
8
4
4
8
44227588
6
56012
6
11
8
9
11
11666461
3
30898513
10
6
24233
7
832220
8
11
6
8
50054334
4
10
12
40672059
6
9
6
11
3
7
6
10
4
5
5
12
5
5
9
5
3
31098205
9
7
10
7
11
6
4
3
21591884
3
12
3
8
536997
10625925
7
6
9
12
7
4
6
6
8
11201299
3
10
21973771
3
3
125036524
8
8
8
10
16
7
11
8
2540585
5
9
7
3
4
5
3
3
41861704
7
6
11
158271
4
18021444
10
4
145170001
4
32210219
5
8
9
5
11
8
4
3
9
7
5
9
4
5
18560901
5
60738
7
5
10689122
12
8
7
13
3
5
7
7
52791462
553702
7
40972059
6
10829321
4
8
4
8
10
3
31031113
10
6
7
50230335
3
10
3
12
5
7
6
12
3
7
9
8
4
49127868
3
13
7
12
5
3
6
65159176
3
5
4
4
10
3
6
7
3
7
13
5
4
14
9
10
7
4
15924435
41329
6
7
10
9
4
19
9
10626112
18084379
3
18596900
7278584
12
18581241
19884392
5
7
9
9
10
7736537
11
7
9
14746528
11
41855436
4
13
9
504811
5
7
3
9
9
6
3
10
8
13
14
3651
11
49041933
1092130
8050
51416
5
7
58776587
6
5
113609752
10
3
13
12
5
10
3
6
9
5
6
8
6
3
9
40736303
7067
7
10
31026582
6
4
6
11
4
5
16
4
8
8
3
7
8
4
12
13
11
6
6
6
7
10
10
6
4
12
4
8
3
3
211
367
7
3
5
7
3
3
10
5
11
7
3
4
5
6
8
6
3
7
7
6
8
480
40181151
6
3
5
1951
41876670
5
4
7
16
8
10
6
6
6
22632
7
10
7
12
3
551765
4
6
4
8
4
6
10
7783499
7
8
7746913
228
11
4
5
13
127
7
3
7
6
17944773
7
4
3
6
4
5
7783497
8
7
11
103460
49626589
6
8
6
7
12
5
11
38981926
8
8
9
16961997
12
9
7
3
8
3
3
8
4
7
3
6
3
8
11
8
3
57360922
5
3
9
3
8
5
5
4
782793
27953
7
7
12
7
4
5
9
7
9
8
5
7
11
3
4
11
5
8
6
22868963
12
6
10
4852344
4
89814457
382
6
5
5
8
4
38409423
41856353
4
9
5
10412675
7
3
6
3
1312
6
4
10
6
13
9
5
10
6
5
5
49658895
40150
6
6
9
10
15
43074
7
5
3
4
7
5
11
6789109
4
5
8
9
6
5
27243099
7700
12
13
4
8
5
6
5
133593988
5
8
5
5
9
13
8
10846813
49119777
6
78536449
6
3
5
10
8
9
5
3654
31210576
9
3
10
7
6965
11
10
7
3
3
10
29990831
694
5
5
10
15
7
7
4
5
8155
3
6
7
10732251
6
13
8
8
3
49651585
3
1044209
6
5
8
5
4
7
4
7
10
4
8
6
43074
9
6
7
8
7
3413430
9
3
11
5
49136165
8
7
11
6
10
12
3
3
2
7
8904
13
3
3
8
510497
5
5
3
11
11
6
41856354
5
167185313
3
9075486
11
4
4
3
7
12
3
4
10
3
3
16
9
4
18
7
18114
3
6
8
8
5
4
3
5
5
8
10
14
3
113141
8
5
9
7
4
49654830
9
7
78989
11
27664577
5
7
8
12
8
7
7
11
18252302
8
4
13
3
7
13
5
5
4
10128788
37390369
8
10
4
14
8
7
7
6
7
15
7
12
4
8
6
12
41856350
7
4
5
10883448
15
533690
6
13
3
11
3
9
6
18556
4
5
3
4
3
6
8051
4
10522298
10
7
5
8
9
4
4
7720555
10
7
5
4
6
8
9
3
3
13
13
38450589
10
8
4
11
7
3
49369
40193653
3
3
38416043
5
4
3
4
3
3
20
10
3
12
13
3
8
11
2244
128565008
10
3
6
10602184
18
13
41855436
4
6
6
189636339
12
6
7
6
144118
10
19895513
4
11
8
9
10
12
19922760
5
12
5
12287
31002994
9
3
49107483
4
13
4
9
7
11
5
9
90947013
6
13454
117648
5
6
14
7
3
12
10
9
11
15
44402
7
9
10
5
3
3
7
3
9
10657250
7
5677
541561
12
5
10
3
10
10673
9
12
17254655
12
4
9
12
10
5
4
12
5
5
8
6
7
27213017
3
8
7
6
3
77374207
3
9
7
11
10
7
7
17
16
5
7
9
2305
8
3
3
5
7
5
4
19
5
8
9
4
11287987
6
10816240
8
7269473
12
58345562
19769574
5247
4
19884392
3
9439
21950674
13
8
53227807
4
13
18899900
8904
5
5
58023
3
9
13
8
3
8
149510
10
104230045
5
6
13
6
11
3
10966356
4
5
9082602
9
5
9
9
5
9
3652
26540030
13
3
7
3
11
4
5
6
12
7238495
5
5
6
3051
5
6
13
3275
5
5
4
4
3
4
8
8
30898864
9060
9
9
5
4
41856354
5
5
3
5
3
6
5
5
4
15
4
15
6
13
4
15
7
3
11
5
7
13
13
8
24165
3
3
598
27163930
6
8
3
4
4
13
4
15055
12
5
5
33083193
4
3
49065443
6
8
10
7
3186
10
8
3
9
7
7
6
3
7
9
5
34773799
3
4
21151
3
4
9
10
7
6
13
271762
11488628
11
5
3
7
4
5
3
49622722
6
6
10
5
12
5
4
5
19813426
3
3
6
4
3
4
11
8
8
15
13
6
3
6
4
15092034
3
7
5
3
11
3
11
8
7
5
4
5
12
9
3
4
8
8
12
11
3
8
38346923
10
7
3
41834833
3
5
13
7
7
7
9
4
926796
5
6
6
10
3
8
7
10
9
10
6
1876
8
3
13
11134907
5
15
17
5
3
47970689
21973147
15919903
8
10737379
217
8
4
16414180
3
8
11
8
5
12
4
4
6
4
7
6
7
13
21948287
4
7
8
7703388
37934918
15
3
9
4
11
9
4
10
1234
13
10
12
3
8
5
11
8
7
5
59597
6
12
4
11206190
41832045
7
5
11
49657517
5
12
7
7
10458581
5
5
49653859
4
3
38666304
3
12
3
10
4
3
9
41879687
8
13
4
7
7
6
48136
9
4
10
18925740
3373612
11
7508
45
8
5
8
8
3
6
4
4
4
3
19909048
7
14
41886640
11
4
41856348
5
8
4
12
41804521
6
6
4
10
5
9
7
4
4
3
14895
10
6
47952889
6
6
50230341
5
3
6
18581374
21905191
41873503
89803909
6
22
5
3
12
49132516
7
12
8
7
4
5
7
9
7
4
9
3
3
10
5
13
4
11
6
3
3
15
1331
5401
9
5
6
5
7
3
3
6
7
13
5
7
5
3
3
9
9
27678769
3
16
756
11
6
6
13
4
4
12
6
9
11
5
5
5
4
4
3
54545030
13
9
8
4
4
10
9
18846
4
10
8
6
7
13
9
5
5
3
4
3
10
8
7
5
5
11
13
49633606
9
3
8
3
47953408
3
5
37196955
49611185
3
5
11184544
5
7
6
4
3
7
15
6
514543
21973139
7
7
6
799195
8
12
3
10
3
10
11
7
5
8
9
4
3
5
3
6
4
170535
12
3
40
15
5
4
4
12
8
5
3
7
3
18057738
74534
9
6
8
6
89828317
12
3
4
13
3
11
5
3
6
31081643
11
19892873
10
10
12
10
7
18077240
7
20
3
4
21872094
8
6
195
9
11
41874674
3
3
10834704
26845570
3
4
10856254
15
3
7
481746
3
1385
3
6
10
4
9
236365
6
7
9
5
5
6
4
5
7
49569247
7
7
13
13
16
5
55521728
13
6
3
4
10
8
10
88646
9
10
7234960
4
5
38666305
3
3
4
164075249
9
7
6
10740450
5
40185754
12
3
5
8
6
7
3
5
21905495
3
10
7
6
8
7
7
14
10
16370
14
3
12
10
15491
6
4209704
17
6
9
2854
7
11
5
7
6
3
3
4
7
4
4
14
1495
5
12
3
10
5
10
14
49634044
13
47955755
13
9
3
6
5
11172467
7
41828240
7
7
12
22
9
6
3
6
3
34883
5
5
41847593
8
5
8
5
6
5
7738204
4
56761928
3
3
10
3
5
8
12
16637877
4
5
941877
8
6
5
13
8
21924472
7
6
11
9
7
9
4
16053828
166
3
6
4
3
34
6
8
10
7
47976596
19880149
6
5
4
5
12557615
30161431
5
20731405
12
7
8
13
7
4
3
4
11
19
11
8
5
5
3296631
11
9
4650865
10
41855436
3
24622517
12
5
89822927
6
10
3
12
4
12
13
518795
8
9
3
13
129683
10
3
37845212
8
3
12
7
7
5
9
3
10
6
12333
11261112
10
7
50570
41856952
4
3
5
6
10
12
34983788
4
5
10
3
2520612
7
9
8
3
4
4
3
6
5
40739974
5
3
11
11172467
6
5
10
16974
3
41892043
3
12
10
8
14
8
14
9
3
12
8
10
5
7
6
7
5
12
2985
4
7
11
5
14
3
6
12
6
7
5
7
9
12192766
5
3
6
13
3
5
13484
5
19
10
7
5
9
7
9
5
12
9
19946
13
2916
11
3
3
8
4599
9
5
4
8
5
5
7
14
8
13
5
17
8
94260
6
7
7
5
10
40228122
10618206
3
32880
9
6
59172
10
7
9
6
3
7
4
10
5
5
7
3
6
6
11287457
3
8
3
1808590
9
4
10
10
5
31203001
3
14
10
11
7
28193998
57676
3
5677
15
9
3
37794178
7761875
5
85630367
5
5
55461279
89798296
3
5
15
6
7940064
11
3
14
7
3
5
5
9
2116
16
6
6
9
8
4
14
10
8
4
8
3
70787
5
5
76790
3
7
4
5
3
92251
533084
6
89813670
10
3
6
13
8
6
4
3
7
105309402
6
6
6
241834
58164186
3
13
13
40171104
10532003
56724775
3
30965619
5
12
10
11
7
15466
73092448
9
8
4
9
3
11
7
4
5
6
6
107202
12
3
46290619
5
5
3
6141
7
8
7
10
9
7
563105
4
12507
7
11
6
5
8
6
5
10
9
845
3
18632
7
65951655
5
6
13
27132791
3
4
10
5
4
59596
1760
9
9
9
9
9
4
3
5
3
6
12
14
5
12
9
3
10
10
12
8
7
5
11
5
3
6
40196385
4
5
9
2157
6472495
7
7
13
6
11209
3
4
3
15
6
8
8
6
3
8
3701
49132516
8
21966877
4
5
7894078
3
6
9
12
10
5
7
3
4
5
4
12
5
5
10
26862109
9
7
2295
89814452
25632944
6
7
4
9
3
10
8
9
4
6
3
4
11
12
3
7
4
4
4
5
6
6
8
6
4
3
5
9
4
7
8
5
9
15
4
7
8
8
10
8
7
512013
9
9
9
3
5
12
31090974
3
7
11
9
8
5
17
9
11
49509527
6
14033899
16961926
5
9
11
4
18039822
5
9
11
41898299
5
37794251
10
7
10
10
5
4
7213124
5
4
3
9
9
5
3
10
3289
11
3
4
4
11
19886569
6
3
5
7
5
4
4
6
10804044
4
8
10
9
11
6
3
9
4
112552
4
3
9
5
14343632
8
83063130
5
7
10
11
8
6
10
11
6
14
11
3
15
4
11
10
3
5
12
5
5
5
9
7
11
7
7
28202391
90279
5
9
3
7774194
4
11
3
7
9
18
174355125
3
11
17253
3
9
3
3
4
8
7
7
10
4
11
9
8
3
13
8
3
10
7
3
6
484461
11
10
6
11
8
8
11
4
5
11
5
8
9
6
40730463
47970689
47957835
9
846
4
8
7
4
7
3
12072085
5
12
5
5
5
6
5
45392
3
4
57589
4
8904
4
7
12
26298316
6
3
11
5
41883759
14
35880735
49567516
11
9
6
3
49566222
27678092
7
6
9
7
7
38189385
5
3
7
7
3
3
10
13
7
6
7
27415
3
18899883
30
13
10
12
12
7
15
18029895
15
10
8881
10
7
6
7
10
7893
12
9
40167561
5
11
8
10458581
8
30820499
3
3229
7
11
4
10
7
41855436
6
7
7
8
5
7
8
4
3
9
3079
32023053
7
6
5
12
8
11
8
96915
90288959
5
19
19905460
275
5
3
3
4
9
8
16873510
4
7
10
11
7
6
8
6
5
5
4
4
6
83980
5
3
4
3
4
4
57364534
6
25
4940341
9
4
6
89744004
5
8
14
4
9
4
27989
3
7
9
4
13
4
7127386
3
8
9
3
11
16943459
49143627
4
8
9
117494723
11
4
8
9
11
9
6
2097
8
8
5
7
8
4
3
3
5
23
12
3
31235437
14
1075
33280843
9
11
35851
56455
10298016
9
4
4
18231766
5
23026660
43240143
4
4
5
8
6
9
3
11
3
6
5
8
5
3
6
3
3
18074360
5
6
8
8904
5
3
3
11
3
7
7
8085936
9
6
6
3
12
7
3
41
14
3
6
87414667
5413
65737419
3
11
3
10622672
3
13
11
13
8
3
8
3
21960218
3
325849
6
13
4
185
11
11
8
49094552
11
11254503
3
5
5
8
4
5
10
11
6
3
8
3
3
12
5
3
6
5
9
4
12
6
4
9
3
13
10
4
8
6
3
87704162
6
40194728
9
6
6
3
3
12
9
8
10
9
421
5
10
3
5
9
131
5
13
11
6
6
3
43826635
6
5
10
8
3
8
3
27696908
11
8
4
11
3
67843696
15
13
2994
3
9
10805934
93470310
3
4
8
5
3147
14
3
30169236
9
14
4
10
5
8
4
5
7
16
4
15
92251
13
10
7
12
4
8
5
5
6
4
4
6
6
3
9
3
9
4
7
6
3
4
8
5
5
9
4
30137929
11
3
5
3
3
8
10250970
9
9177113
9
12
6
5
5
4
5
3
6
8
11276869
9
4
5
7
11
8
3
5
9
4
21973135
3
3
13
6
41856345
11
9
11
11
83724077
24916
10
3
4
11
25808051
7
5
13
8
5
3
8
47976596
3
8
11
3
55992036
8134
6
8
11264117
6
9
12
13
7
6
40419052
10
5
7
89803517
4
3
7
3
12
5
14
8
10
9
6
9
13
4
9
6
5
8
12
3
7281371
9
8
13
8904
9
15
9
3
5
64654069
4
5
49621167
6
7
4
5
4
8
9
10
13
4
3
6
5
8
12
3
6
8
7
15
7
3
8
11
7
305307
3
14
24164
13
10
431
8
6
89812906
13
6
5
56769
8
11
5
558224
3
132065282
7
12
3
6
17708191
12
10
8
5
18038501
6
12
41856354
7756060
4
7
12
23037266
5
4
11
19922761
6
4
7229891
3
28623787
25424
7
6
89821746
4
7
3
37364884
6
24086357
3
6
5
3
27686500
35775
3
11
3
82256093
58735264
9
4
67734
12
5
6
5
7
6
7
12
9
31027945
5
11
5
7
11
8904
17868061
5
5
11
43237203
7
4961999
5
13
4
7
10
16
110588164
3
4
14
3
3
3064883
6
6
7
9
7
5
7
4
7
7
11
9
4
7243815
12
13
40729098
21970501
3
4
6
13
3
15
5
8
12
10
3
4
9
7
4
7722473
5
7
6
23
7
6
8
7660
2991
10
3
3
14
7
4970033
3
4
12
6
4
7
90945
10128
8
49991
8
11
5
6
41866599
4
7
3
3
12
6
6
13
4
13
3
3
3
7
14
5
8904
3
7
21905495
10
10
8
6
2887
5
8
6
6
7257689
7
16480
6
9
10
6
7
10
8
4
331886
41889503
100116685
12
93467911
41855983
3
24374
10
13
5
8
47947846
3
5
5
7
5
11
165730
47974836
13
3
5
3
12
3
6
11
4
5
6
7201891
376
52652774
10
8
4
4
4
4
3
458708
37433088
5
3
3
7
181479
4
4
11
6
3
6
8
8
5
4
5
3
6
3
15
5
57021
7
2768706
130440
10
7
5
13
21379
7
7416
9
3
5
4
361
9
16
8
40228122
4
5
11
5
7
7
15
4
13
10
6
24086357
5
7
5
40734760
5
11
3
6
12
5
11
8
7
8
4
10
299165
6
9
12
7
16483204
49652056
8
4
13425115
8370875
8
3
5
49621167
7758114
9
6
6
7764100
7
7
5
6
10
5
9
5
8
3
4
5
10
8
11
9
11
9
22359209
13
11297791
8
18676456
10
6
12
9
41832140
10
5
4
4954608
27130648
4
7074
8
3
5
7
3
4
6
8
5
6
11
4
4
6
10670367
6
6
6
7
9
7727472
4
7
7
3
3
10
3
5
7
9
9
12
5
7
9
3
38937583
4
4
8
7198245
6
49634834
4
11
4
2282
3
10
49651247
12
7
7
6
31063726
8
12
4
10
5
40722604
9
7
3
5
10
14
4
3
13
16
3
9303635
3
10
6
8
3
7
15
11
4
5
6
3
19
3
12
9
232638
5
5
3
40739975
7
4
3
3
3
3
10
9
6
7
9
5
7
13
8
5
12
9
9
9
12
3
3
87156263
15
4
5
5
6
5
4
5
5
5
3
5
7
41856382
8
6
9
6
9
3
5
7
3
8
10818192
10
3
5
19766639
3
19332884
8
8
12
10
11
4
6
10
73573
7778242
7
4
49590771
4
7
31181
7
7
3
11
508636
23661
10
8
3
4
4
5
128678904
1847
5
5
3
8
4
10
11
13
9
7
10
10
11
6
55728
534422
6
3
504128
3
96320
41856965
9
3
8
9
7296760
3
11
6
3
7222969
17
9
9
4
4
3
9
12
3
13
21988591
9
3
9
4
9
9
3
3
3
3
5
10
4
11
6
4
5
5
7
8
7
3
4
5
5
10
6
395
13
10
8
5
362605
59169
8
41793502
57021
11
5
7
6
12
4
41856344
4
41822413
3
8
3
4
7201
58663412
9
3
9
551759
13
7242133
13
7
13
92157
5
9
11
483392
5
7
7
8
4
5
9
7
6
11
7
43238576
7
11
4
3
7
8
49657517
7274502
5
5
8
7
40736939
3
4
3
4
10972765
10
8
8
37918502
11
6
9
3
9
157032
5
3
7
27126305
9
3
8
5
6
14
11
6
13955762
3
9
7
9
8
4
41855436
9
5
92253
4
12
18090682
4
21905837
11
12
3
1378246
8
37929809
9
50061
13
4
12
41847593
8
9
93470310
4
17
8
9
506600
11
8
4
501672
6
13
7
9
6
131985602
8
10
41865460
7
10
6
5
6
8
3
5
7
93470310
11
10
4
10
7
44731870
7
6
7
10
5
10
8
25665
4
13
10
7
11
12
52514
3
16
4
5
7
8
12
5
4
7
5
5
4
10
9
38424
13
38774
41851841
3
9
5046
6
3
4569827
21657
15
4
632418
4
115700
8
7
8
3643
5
8
6
7
13
7
6
5
3
5
5
8
4
3
5
4
5
11122673
9
5
50230339
7
6
11
7213368
49062543
4
5
6
12
21890200
4
13
8
6
5
8
5
5
13258
3
8904
3
7
8
4
3
9
3
5
8
13
12
18023564
7238448
6
3
5
3
9
8
9
5
9
5
10
7
11
3
4
8
8904
6
7260217
10596328
10
1
3
7
4
3
4
7
17809
7
19
7
3
4
4
5
7
6
1614
11
7
6
9
10
10834704
5
7
7
6
8
3
3
8
9
9
48853918
4
6
6
8
5
49643959
8
8
4
5
3
3
13
5
15
8
3
13
5
22473
3
5
5
14
3
5
15
10807448
14380
8
9
12
8
6
3
7189393
9096808
5677
9
37903744
6413425
5
6
14
3
19905459
3
9
9
4
47976596
47953817
5
11993907
3
5
11979032
14
11
159111262
4
10
5
5
5
5
14
3
3
3
4
3
3
9
10
6
7
11
7257760
6468278
12
21973127
10
367
12
24801
9
13
27119849
10250974
12
12
5
6
6
11
10
548124
100524
13
89832191
7
3
7
10883448
6
6
6
7
62616403
8
12
93469263
4
112532146
8
6
9
4
4
4
3
12
3
49132833
12
6
3
4
8
12
9
3
6
7
8
8
12
10
3
9
8
3
4
9
5
3
6
9
57021
12
13
5
3
58876
34586433
11
5
4
8
13
6
39010632
23750702
8
3
3
8
3
3
7
9
7
6
12
6
13
10
4
40729607
5
11
6
6
4
6
503612
9080346
9
12
5
5
5
19922761
6
8
6
10736255
10
41856354
8
13
8
6
13
6
3
3
17809
7
5
7
9
7
9
11
3
10
3
3
11
10
6
7
8
3
41856354
12
6
10
11
6
7
5
3
6
6
7242133
4
3
7
5
3
13
8
8
11
6
13
6
6
6
18899900
3
5
9
4
4
15
9
11
12
13
8
11
12
7305
6199967
6
3
8
11
6
10
5
49616620
3
7
13
8
5
41864835
11
8
7
6
8
9
13
6
9
20907366
5
14
6
3
18
12
7
10
600
1171210
18043862
9
4
3
8
10
49098743
5
12
3
41
3
7
5
3
9
10
8
4
4
260
9
13
7
7757357
4
9022
3
11
4
8
7242134
4
421778
9
3
6
3
15
7
3
12
13
10
5
37924893
12
4
3
5
6
17069960
7
4
10
7
7
4
5
8
3
23392998
6
3
3
504802
7
5
9
8
18591948
11
770765
7
7
6
10
4
49083643
7
5
21110
9
3
3
6
3
10538757
12
13
742032
5
5
27684654
6
9
5
5
18586245
5
6
8
16
10
57123
3
108564
13
8
5
7
3
9
4
9
11
6
9
6
6
6
189885598
6
13
51427142
11
9
1827482
6
4
16974
4
9
590
5
3
18084412
6
6
5
9
3
5
3
4
6
7
11186369
4
6
13
10
9
3
7
9
3
3
6
12
6
5
12261
8
8
13
5
6
6
4
5
11
3
5
19786
7
32576180
5
7
10642851
84928
8
3
11
4
48087642
11
3
9304
6
49632066
11248835
541616
15
4
11
267328
7
5
6
5
6
10
14
5
3
31050141
35169
18097737
6
13
2148756
5
49633606
5
3
40688331
3
10
10
8
5
50962194
3
31161183
10
6
13
15
31220721
3
1304035
7767489
9
89714865
11
3
4
10
5
4
9
13
3
8
8
6
12
10
8
8
3
4
4
15
6
11
6
4
89832191
6
6
3
11
7937742
10
10804043
49614124
9
8
12
33584240
34044080
4
5
7
11
8
11
6
7
4
6
7
41871085
5
8
171226
19856285
512764
10
5
11
3
43240147
18445318
3
30142631
3
7
5
4
8
4
5
5
10
3
30957921
6
1047134
10
3
5067474
34
3
5
5
3
9
11
14
8
3
4
6
7
12
3
10
6
7
3
5
3
742737
5
5
12
6
3
56612
12
14
13
3
56780159
5
3
3
9
3
3
7
7
9
3
6
7
11
6
9
17959033
7
9
9
3
8
7
49610555
10
40684321
7
1614
5
4
5
4
9
7
9
4
926
3
5
3
114297781
25913606
6
8
3501361
3
3
10732233
6
3
10
180665469
6
10
5
3
27399
3
6
4
5
8
10
4
7
3
5
3
11287457
9
7
8
8
5
1237
11
11
86668
7
10822138
5
8
9
7
5
6
5
7803709
7
7
8
11
13
4
5
7
5
1351
10
13
3
6
5
33901181
7
6
7756287
12
6
7
7241880
5
14
10
7
11
9
9088567
5
5
59169
6
5
21898570
6
5
8
6
6
3
6
4
12
6
7
7
12
5
3
5
10
11214189
12
11270270
5
5
12
8
10713061
6
10
6
5
15
3
5
6
3
6
49708643
10674827
4
10708542
6
5
3
5
3
3
8
6
4
12
13
13
9
5
13
5
6
4
6
4
41856354
3
31061831
3
8
7274502
8
9
10
6
3
10
3
2339
10
11
10
6
84737
272
5
9
11
7
15
9
40739975
4
11
6
13
5
7
21973139
5
3
6
60006
5
7
5
10
38677
5
6
3
10
5
4
2517868
8
86921466
8
27190254
5
3
8
5
3
26844113
6
11
5
6
134912400
3
3
3
19927115
41856350
8
3006
6
41888203
13
7
3
7251133
6
8
12
4
3
3
7
15919901
7
6
9
27689022
12
33083192
7274500
3
5
9
7
32990
41674697
90288959
7
11
10
7
5
5
4
5
3
11
6
3
11
13
6
13
8050
7
5
14
12
376
19909135
9
10
3384039
11
12
10
4
49133037
5
8
1351
7
10
4
7
8
3
7
11
8
13
40676570
6
6
5
12
3
1695
8
10
10
10250974
7689
14
504
8
32737082
27677862
47968054
6
8904
8
9
7
7
7
6
7
5
5
11
27829300
8
3
5
7
14
7
9
7
8410243
12197641
18625
8
211
9
5
5
40185150
7
3
9
5
287001
4
2280
15
3
9
21457156
228
4
3
10
15
1081608
7
6
9
5
4
6
4
9
10
10
5
6
49647552
40678812
12
4
3
42270314
94938708
7
6
9
90288959
9
11
6
15
14
5
11
47953076
11230345
6
5
18
5
7
13
7
4
10
10
37879472
9
6
11
6
8
8
6
6
93469249
6
463020
6
66514471
6
3
10
4
35299
5
11
8
2214
9
13
8
11
3
49125620
3
3
16122010
22819241
4
18593652
4
5
10
4
3
9
14
12
7
15
27235
3
12
5
3
4
13
7769958
11
8
3
9
26697683
3
9
10
5
7
4
5
10
3
8
7
5
4
8
10
168956
5
6
11
12
9
16874743
4
6
6
13842
5
11
10
5
3952
4
10
31158233
3
9
5
10
5
7
3
14
7
11
7
3
20174225
6
6
12
9
3
5
13
6
7
5
11
9
3
4
8
4
11553652
6
3
10
5093258
3
5
12
10
49633606
6
41867728
89814453
3
7
27132528
16
5
37425239
7
10
6
11
7
4
6
6
47872
3
9
14
10
3
8
19892870
7
4
10
4
9
3
3
3481
5
9
8
3
6
7
8
6
5
6
14
11
5
6
7
5
4
6
9
4
7
5
3
3
13
275689
28404
12
5
3
10
4
7
6
11
6
6
3
67847551
7
3
15672972
7
12
4
5
10
5
38569172
3
6
7
12
11
9
19
13
5
8
7
10
3
5
5
7
40737627
5
7
49609365
5
10
9
7
8
14
10
6
3
8289135
11
10
11
5
11
6
6
4
7
38740136
11
13
4
6
15
6
408
40646
4
8
5
4
5
9
10654403
7
6
8
29388054
4
7
5593
6
275
4
6
9
8410243
3
8
10
11
9
12
5
8
6
49005554
5
9
3
8
21955277
9
7
8
31253142
5
7
5
7231363
76182206
5
4
41898296
7
8567685
6
3
5
8
7
40112136
124353
3
7295059
13
7
6236
7
6
7471862
10
5
3
10
51598
7726431
19
5
5
19
7
4
6
7784873
7
8
8
7
11
2802
9
5
11
8
10
10
4
33740294
8
9
6
4
7
8
10
10
4
9
6
11
10
5
57676
38504393
38065724
7
7
8
10634460
10
11
3
11
3
9
7
6
5
8
4
9
13
5
13
3
5
3
9
102813114
7
8
51430
24167
8
5
9
6
7
9
10612467
16998
31046301
3
10
5
6
4
59596
9
100204444
15
3
4
10806850
11158377
8904
6
8
8
84
7
5
10
7
8
8
3
5
10
15
11
6
4
5
12
26831299
10
5
8
551008
6
6
4
5
5
12
9
10
13
6
3
3
3
3
3
58757912
4
3
3
3
7221817
6
6
3
12
13
9
8
8
4
5
3
4
9
6
38103819
7
6
5
58741055
11172474
10
14
3
7
7
49114325
7
8
5
7
9
11293408
5
11795099
5
12
9
7
6
30895908
11
41875732
56498
20775919
4
4
11158377
4
11
7
5
17972663
7
73857
3
10
11
5
9
8
6
11
4
64814
10
11
4
18
20397953
3
49149648
13
9
78144258
1237
12
8
6
3
7
103206615
11
6
13
11
5
3
5
6
2652
4
5
4
5
89832191
3
14
4
3
3
11
3
6
10588
3
9
12
7
8
9
7
3
9
4
9
4
13
9
11274586
6
49615049
14
8070
5
13
7
6
49655513
8
9
4
5
5
5
5
9
18522017
41860169
47952892
8
3
10
17809
7
6
10
7
6
5
3
4
7670
3
8
7
49250
4
13
27127112
24222
5
6
9
9
6
5
12
9
8
41855468
3
8
4
3717627
10
4
13
5
4
5627
4
7
9589
5
7
7
49111071
9
6
5
8
1250
6
3
6
139692055
41861704
3
4
10
5
68949
11806403
7
12
5
7
7
15
5
5
5
10
8
11
9
3
5
4
4
12
18
9
20656598
6
3
9
3
3
16
6
6
8106
45990761
10990782
22436704
4
12
3
10
3
38360978
47958
9
8
4
3
7
14
6
17
5
10
7756060
13
6
3
3
4
9
7255629
8
4
7
7242133
8
64942
3
7
4
4
6
11
3
6
7
11
5
9
6
21985559
3
4
5
13
6
9
8
5
5
5
7
7
7
10830783
6
6
3
7
13
46355981
3
8
3
11318549
7940064
3
5
4
5016
4
17006773
31053759
3
3
3652
7
11
8
4
3
8
3
3
8
4
8
4
8
5
3
11296389
309230
67848517
47957432
7
7
8
5
8
3
9
56189045
4369
5
12
3
4
49127868
18
7
11
17247
4
7
9
6
6
3
3
5
4
5
4
3
10
6
3
9
5
89812894
10
4
8
3
5874
21852931
4
6
6
5
9
4
6
5
8
14
9
12
9774
12
25572
17
6
506600
4
11
92098484
4
5
5
9
4
10
9
10
11
4
6
12
3
22915403
4
8
5
7
8
5
13
9
3
12
8
8
5
10
8
9
11
4
3
7
3
6
4
12
7
451512
4364
9
4
8
5
124
14
12
4
7
10
9
11
6
6
7
50075559
96657
44737090
6
5
17984403
23244891
5
14
12
11175
5
12
10
3
12
9
4
5
15
41852175
9
5
6
41818770
6
4
4
10
3
7
9
3
9
6
7
6
10
49149641
7257759
9
40739978
4
49651416
3
89805712
3
37015
5
4
6
5
5
9
13
59170
5
5
17907266
7
5
6
9
29686830
8
3
485593
16341585
9
8
8
10708083
9
9
3
5
13
6
41877395
9
19892870
10
7
7
11
3
5
8
3
651
4
10
18047911
9
5
5
43240147
96785064
498273
8
6
3
8
3
10
7
4
10
6
15
13
538
13
4
8
6
12
9
12
12
3
60053935
3
10784
7
9
6
3
10
49632684
7774350
1522431
3
7
11
9
10
3
11
8
3
12
7756297
89828728
5
4
8
74
9
9
13
8
9
4
10
5
5
5
9
7
6
15130086
4
3
3
5
3298111
536279
10
13
9
4
3
11
10
56655
13
7
3
10
3
20
9
424
11
6
8904
15
4
3
7
518265
7
13
7
5
8
4
9
9
9
10826580
6
21469
8
5153
12166398
524612
7
14
4
11
5
5
6
14
11323953
7
7
4
8
6
6
9
6
7
7
7
7
8
12
13
3
5
12
5
4
5
16
3
10
2017040
4
5
16161791
6
5
26583
3115895
6
11
5
21991105
2899
4
5
10
3384
8
4
6
49637060
8
8
6
15
8
10
6
3
3
10
20
3
4
7
10
11686932
13
3
7
27796983
9
3
5
21948892
13
12
50230341
3
3
9
27399
12
7239616
6
4
6
93470310
7
7207252
5
3
14
10
6
15
8
11
11
9
37508765
6
5
11
3
6
72232142
5
4
7
89771012
7
10
5
7
4
6
3
8
3
41856350
9
7
3
10
7
12
9
30349347
5
6
5
10
7229658
5
4
15
15
19547643
59499
7
4
19905460
50230341
15
42770607
3
3
3
10
4
7
6
4
11
12
17
4
10
5
40737480
10
8
5
8
49642009
49127868
24801
21756124
3
66275
4
15
50875146
8
7
9
203566
3
3
7
557
12
12
8
11
5
4
5
5
9
7
7
26583
5
12
10
3
3
9
18046468
3
7
3
6
5
10
3
21912239
10
1025
5
10
125227
12
69927
7
6
5
3
13
11296389
6
4
7
10
7
5
4
13
8
511412
599119
6
7
17997605
339
7
8
5
3
9
3
6
10
13
58766497
27844508
7217705
6
228
5
10
7234960
9
6
4
7
3
7
12
30971703
5
10
5
7
15
4
13
37295
10
7
3
6
13
11
10
5
8
5
7273937
3
9
49065443
8
9
4
41856366
5
10
28643
43878115
4
140
39319117
3
5
3
72
7
14
10
6
4
14
5
4
118134
9
7
7
3
5
5
3
13
21972306
5
7
3
3
4
6
5
9
4
4
3
10
5
11
40173467
8
5
18034912
30585242
93470310
40684894
4
12
5
4
5
7
613
13
15
7
70159
11
4
5
3
9
12
3
8
11
9
4
94924924
4
5
6
13
24261
176490
3
3
11
9
15131
5
10665088
10
9
8
3
8
20953
5
5
10
5
4
5
3
3
7
11
7
5
223964913
4
49653249
40739973
5
9
3
3
5
15
13
5995913
6
6
5971
9
12
12
93470310
4
11
10
41883549
7
3
3
6
8
7
4
7
8
31074450
122152213
11
6
27389539
3
3
40715598
31171325
36983194
40725767
10
8
4
8
6
13
9
7
6
2985
7
5
15
4
4
7
7257760
10
3
70294
4568
18593023
9
7676735
11
45865025
4
6
8
8
3
9
5
9
5
12
7
11
13
7
38347083
17
7
3
4
10813754
5
12
66179
7
9
6
4
8
3
5
3
7
59174
5
8
14
10675726
9
10
5
4
8
4
3
8
12
5
38444598
3
3
4
7
3
5
5
4
11
3
4723
9
3
8
10
7
11
5
8
10
21
4
15
12
7741044
15
41885426
6
6
8
26880
7269165
8904
11
13
4
6
9
8
27459075
6
8
9
6
4
5
118135712
7
9
8
6
11
5
7
6
3
4
5
59962
3
10
11
5
30582808
40731983
4
7
8
93467916
10
9
13
17961189
30346
40181088
33850723
7193196
5
46209
6291
5
9
49104772
7
9
4
3
11
7
5
6
37826287
3
20354513
905
12
5405
4
30770999
16
10
12
41861704
3
10
4
10
11
7234960
8
9
10
5
4
12
7
7257759
16
11
9
7
12
8
5
5
3
64700934
7
5
7
8
3
56199
4
11
3
11198836
3
4
8
3
5
15
5
4
41856345
8
4
7
49125459
9
5
5
9
11
10
10
11
7
10
5
7256996
10
4
13
6
4
12
3
4
3
41855436
9
7261174
10
5
5
13
13
12
4
43199
5
7940064
4
4
41871884
51256846
9
12
10
6
8
223978050
7
3
5
8686401
8
5
11
9
5
3
10603454
3
13
8
10
3
13
5
16217
8
5
6
10
9
4
3
6
7
6
505994
38254901
10
4
31203002
10
13
9
6
5
7
7
6
8
47938452
7218713
6
4
3
9
7
7
4
9
49650846
5
10
9
3
7
5
3
3
7724869
4
6
7
4
6
4
18854404
12
6
8
3
12
6
9
8
20
9
3
19
6
3
5
6
3
4
7229308
4
16201293
9
5
6
6
8
89813670
9
5
3
6
6
4
10821533
5
4
11
3
8
5
11665233
16
5
9
9
30917845
5
5
47942435
409
3
13
5
18058590
3
6
10
8
6
13
3
8
3
16
49600565
10
4
6
365
7
5
5
3
4
160191
6
5
19905460
6
10
8
4
6
40686700
12
7
8
6
12
4
8
5
12
11
5
4
6
9
12926872
8
3
21882647
3
3
10
13648135
9
7
9
4
40171743
5
7
7
3
13
40194920
5
7
4
5
3
5
10
5
9
6
5
5
5
4
6
8
3
9
3
10855489
4
516434
6
1073
5
4
6
7
3
5
16
8
4
12
6
7
5
8
4
6
4785475
4
81676
548997
12
6
13
7
10
700
12
7
10407
11
3
6
8904
5
3
4
25108
3
946
34899367
9
4
4
3
3
3
3
17
15
10
3
3236
6
4
5
6
7256758
26766300
3
9
9
12
11
4
9
3
8
8
9
5
11
6
13
10807419
4
4
4
8
67849673
5
3
13
16
10
19919734
6
13
7
4
13
8
6
3
27158635
1759379
40739162
3
533082
4
8
7
11
6
9
5
11
41855454
4
7
8
94036
53
8
4781
497290
11981503
4
4
5
8
6
8
4
6
7
12
10
3
60499
3
7
12
3
9
6
181120
7
7
5733
5
4
8
19
6
11
16
11
10714372
11
7206885
7
14
4
13
3
3
11
12
6
6
3
3
49709617
11
6
10
8
3
6
10806850
9
41867037
8
13
4
13
8
4
8
6
5
11
7
11
13
18079932
4
1878
4
3
33497
41802016
26796626
5
7
8
7
5
9
5
3
48535386
3
8
4
9
9
13
7
5
11
10717170
8
4
3
38709959
3
13552320
3
5
5
57402
14
9067750
10
7
7
6
7783918
50229803
41856353
17
12
3
12
7
6
9
4
1637
5
540905
5
8
5
49590762
5
5
3
14
18084343
4
1066660
4
11
8
6
338
7
30917846
5
9
9
13886109
10
52514
6
7
9
7
8
6
4
8
538
30152790
30618855
10
8
13
6
12
10
5
16
9187
5
3
8
12
5
9
10
9
15
6
5
12
10
6
3
5
4
3
5
14
3
7
12
3
9
8
93469263
3
9
4
13
12
150971712
7
9075486
29117
6
3
49133810
10
12
7
21
8
3
41860574
11
60020
49143632
6
11
14
5
5
7
6
7
7
3
10724699
10836454
5
4
5
3
10
12
7
13
10669609
11295971
12
6
12
7
9
9
43758663
10
10
5
4
516429
5
5
3
49117140
12
12
4
6
3
10
5
39002898
3
10
506821
4
3
6
8
4
3
3
5
4478794
40228122
8
33305
5
3
4
4
3
6
4
8
8
11206196
7
2901782
505994
5
3
24493894
12
12
3
3
5
4
7
3
6
9
8
5
6
3
5
12
5
7
5
5
9
3
5
4
7
5
9
6
5
4
30363489
7
13
9
11
4
8
3
6
6
3
4
10
7
4
9
3
8
5
23
3
12
11
9
12
3
6
4781
8
5
12
5
4
7
9
9
11
37800
21979463
5
3
5
5
5
11
5
3
3
235100
12
211
4
5
14963
8
9
7
4
4
3
9
12
3
3
6
12
3
6
6
7767218
17
4
5
7
41856354
5
123102499
3
13
7
7
4
21
4
8
4
40173644
145556272
3
5015
11
90126881
6
7
14
6
13
49544372
11
41832140
5
3
85244072
9
3
11
8904
6
4
83633935
7757250
4
8
8
3
47979306
7
9
49623658
10671066
3
11
6
5
3
15
12
3
8904
6
7
9
9
10
6
13
93624649
4
50602
9
8
10
9
9
3
13
21974444
93
3
4
41852148
5
4
7
6
13
4
9084535
120
9
29692
8
6
6
59596
510654
5
11
17
12
49626589
10
5
13
11
16
9445
14
26256
17
6
13
7
10
5
3
