4
49149649
3
2274882
5
4
8
12
3
7
3
5
15
11
506604
89820232
3
7
3
16
11
39973
7
6
3
9
3067
3
7
4
7
4
6
5
8
2035
533203
13
799010
38678390
15
33697
31016210
11
5
15
4
3
19
10
5
5
8
3
6
4
7
9
6
4
50358478
10
10742359
6
86426990
4
3
4
47955744
13
14
8
4
10
3
8
49652130
11415
4
37966879
10
5
5
18
12
11
9
4
8
3
13
16
17
12
520732
8
8
7
4
8
11
3
6
8
5
10
4
5
27176192
71203273
5
40030361
9
49606481
4
6
8
17
5
5
8
4
6
4
40673732
3
5
41851533
14
8
3
4
7
9
7
9
5
3
7754858
5
10
5
8
3
5
12
5
4
6
3
15
9
5
85668939
5
3
12
11
4
3
6
5
4
5
10
7
57233322
6
3
10
11
12
29952766
42522046
6
6
430
8
13
8
8
3
52416290
85958639
5
6
4
12
5
7928
5
11
19
16
14
11
13
72229
8
7
5
7
228688
3
3
9
8
8
8
3
10
6
19294028
5
6
6
4
9
14
11
5
5
5
8
9
13
5
21
8
15
8
4
6
14
6
5
6
7
10
7
3
1185381
30837961
8
508643
5
5
10
8
9
11
8
6
6
7242130
49641233
19600738
4
6
10
14
13
106989333
9
4
5
4
6808621
6
11
7
41856349
5
11
89704747
5
5
13
6
12
5
49642674
5
5
13
11
4789
9
4
3
3
49643753
11
3
6
21
10
9
7
5
9
4
5
4
13
4
5
16
7
7
3
10
5
38666291
15
21973139
15
7940064
45836974
8
6
5
7
9
3
11801439
63648107
6
9
5
8
10
12
11
10942407
86513
11
3
507383
7
3
9
7
7
27979
2435
17
14
3
10
19930426
9
5
3
15
8
5
5
5
7
8904
5
7
11839854
4
6
3
8
10
15
11
12
5
12
7
13
6
8
13
7
1068
506610
8
6
8
7
13
8
30180082
8
3
93910028
6
6
15
23
15
7
12
5
6
19
11
6
7
11
8
5
5
6
8
20
6
41859260
3
9
116595
8
5559604
4
16
8
6
40225085
14
6
9
7
5
63758443
6
9
5
5
9
3
19
7
9
174
13
3
9
3
10711024
5
7
4
59845
7
7
10
15
3
10
5
6
49599786
13
8
3
10
38610364
5
12
2999
4949126
13
3
3
4
24
6
8
5
8
3
15
7
11
41882474
15
5
3
9
3
995173
4
38745053
11
11
7
14
14
5
3
7
17
9
6
9
7
7
144712
23082431
1437
38362074
7
5
7
48777873
6
111648
8
5
3
10
3
13
10
3
10
3
8
16
3
3
7
9
9
12
13
5
10
7
7
5
8
9
3
10
9
10
10
9
5
4
6
7
6
6
5
3
14
11
3
15
5562624
9
14
6931133
9
5
6
10
15
7
12
4
12
12
14
19884368
9
15
8
8
3
11
40170131
5
3
5
25673
64354019
3
3
9
6
6
11
38983933
10
19927771
4809
10
9
6
9
7
3
6
5
77919895
3
15
3
9
16
5
4
7
6
6
14
7
6
8
5
924733
9
11
8424588
41844132
4
3
11
7
6
6012
4
14
6
41177481
7
49632070
9
13
7
59709782
10
9
3
3
10
14
6
8
3
10
5
174
3
6
11
6
13
8
8
509315
8
13
3
7
52441757
12
11
3
15
5
5
17
4
65481106
6
11
9
16
7
3
9
6
6
47
5
5
5
12
2982
12
10
10
6
5
3
8
8
14
7
6
5
6
13
3
2695
9
10
5
11
3
11
13
6
3
5
35047
6
5036
145197
9699
9
16
10
10
3
41856373
6
15
6
5
4
4
47951605
13
9
5
3
4
6158691
4
10
6
4
7
6
66354734
3
4
4
5365107
11207313
7
7
21
505
11
4
3
6
3
6
6
11
14
11
15
12
3
38678394
10
12
14
4
7
5
123163464
12
16
609863
12
13
9
6
49592892
5
8
5
6
5
10
7
2259878
6
7
10
9
11
3
3
11
3
10
8
11
14
16
8
6
5
3
6
3
6
6
14
7
8
12
922423
11
9
7
6
13
7287691
4
28806606
3
14
34654
10
9
5
7
3
5
216818
9
4
3
4
11
7
5
11
7
5
5
5
6
7
3
5
4
8
9
5
5
6
3
9
8
11805686
12
4
10
7
10
5
26244683
3
7
7
4
11
4
6
7
8
4
6
8
15
7025632
9
15
11
5
4
3
5
5
11908
6
5
6
4
7784584
7
3
9
4
4
12
11
141098
5
5
5
11814000
7
7
5
118366685
135
3
4
7822
12
3
3
100602890
19
38587137
8
3
11
4
7
4
5
9
38448005
8
70713264
5
4
101390340
6896316
6
11
8
5
3
39819
4
12
9
22
65961
6
3
4
8
6
5
5
5
41856360
3
3
3
7
4
16
8
5
4
4
4
4
10
45851170
31502228
4
17040754
10
19940
5
13
14
16
16
15
10
13
6
4
17
4
11
6
17
4
3
12
3
47168202
18072630
13
76648394
4
10
10
3
3
3
150072
11790076
5
49061597
3
7
23229594
5
13
4
12
3
5
4
14
7414
6
40736932
9545
8
37348392
9
11
5
4
7181
16
9
9
4
11
3
11
8
15
14
8
7
3
5
7
6358475
9823200
12
3
5
2453285
5
9
14
10653650
8
8
5
8
5
3896913
15
958
9
783
6
6
2745
6
12
6
7
79122
9
11
57247987
9
9
9080617
12
4
3
6
40746
8
8
6
4
133578181
198075
58994949
4
4
49580041
9
9
4
3
19
5
17
3
6
8
3
3
5
8
7
3
14
8
78540720
123
3
5961
9
39005
10
5
10795425
60012
12
4
4
5
7
13
3
41769213
10
9
12
3
15
6
96539
11
30575928
4
7
8
11212407
6
8
9
12
6
11275650
8
3
7
24935
107
3
12
8
8
4
9
12
705
1005
3
11
12
14
10
6
4
59592
23
4
13
14
8
430
60952658
13
7
59170
13
13
9
10706509
6
11
6
7
4
37795809
6
10
3
9
12
597
8
546997
14
9
5
73027695
7
7
11
8
106540
423
5
18
12
33
3
7
9
13
3
6
3
6
8
31219863
5
7
8
11
3056
1742
4
6
4
8
12
5
14
5
14
11
9
15
145646873
9
7
5
11
17
8
3
6
15
43
12
3
5
6
3
5
37645653
5332
7
11
5
4
10
7
10
7
14
8
4
11220026
11
7230671
6
4
8
3
5
11
9
3
3
6
3
5
13
3
3
5
8
14
12
3
7
4
49708614
3
7
9
3
5
9
5
4
4
5
12
5
8
6
4
4
11
9
3
3
5
38022533
12
8
10
41832140
14
10
10
13
16
65345514
7
3
6
5
5689685
9
3
5
9
13571
14
5
8
5
3
12
6
55747
7
15
8
4
7
9
4
97518949
3
99054318
8
6
6
3
15
13
3
149403868
4
13
17
3
14
5
7
5
8
3
15
7
4
4786
4
13
7
8
3
49069855
5
6
4
5
15
5
6
9
3
8
8
7
14
9
3
13
8
4
3
8
3585384
3
5
9
11
10700
4
50328
41856372
3
3
7
6
4
3
6
5
222903
3
14
8
11
8
17
3
11
6805594
15645792
510355
7
3
3
11
9
2916
3
1854039
41884174
4
25574
3
9
3
5
16323640
4
10
15
11
4
8
7
23
5
30160707
30144044
8
10
3
7884
5
7
12
5
10
3
16
3
9765831
9
16
3
9
9
12
7
5
6
9
14
11
7
11172476
9
11
73473675
9106871
5
5
7
4
48455663
13
3
5
8
5
124925040
11
10795538
5
7
9
3
16
3
7
7
62205
9
14
3
16
8
10
13895
19950
3686
3
4
14
5
5
3
10
4
5
3
5
9
8302614
4
55876
17
6
14
4
3
11798524
9
6
7
49143628
5
13
54946
15
11
8
268555
15
11232956
5
5
6
14
7
4
4
13
4
11
69784020
4
8
6
4
5
3
7
50230759
3
5
5
8
7
9
6
6
18
4
5
10
27176706
3
8
7
11
5
9
6
4
10797069
7774194
8
5
11
5
64373542
3152159
7
6
6
4
14
6
21887161
11
5
15
6
8
5
8
7
3
4
5
9
88628881
5
9
10
3
13
482637
9
3
226
8
12
1077
3
4
7
18287200
9
16323642
4
49125472
9
5
5
7
5387395
7
5
7
10805629
4
35759870
11
8
756
12
6
1625
4
13
5
9
7056
5
9
4
5
4806
9
9
9
8
8
14
12
13
10
7
7
4
7
5499
9
11
16
3
15
12
5
7727336
615
6
6966637
7
5
7
9
3
5
27138207
3
10883
3
27
11
13
5
5
9
5
5
6
6
15
3
5
3
8
41856356
15
4
5
11
3007
4
13
9
625170
52330
13
133960290
5
205748
9
44390
5
3
4
7
5
20192
34918164
3
17
4
548243
15270314
7
8
9
11
11
11
3
9094740
7
6
6
3
15
3
5
9
6
49146924
13
12
5
6
5
3
3
5
126923523
4
394412
4
430
15
14
6
8
82802539
8
3
3
5
10
3
9
3
7
21147
7
9
12
9
13
9
20
12
14
9
8
5
13
4
503909
9
5
10
5
6
8
5
18
6
14
4
5
11
10830557
4
9
5650
17
3
22
12
15
3
13
6
6
6
4
15
3
10
11
11
8
3
3
11
3
12
8
118360877
11801785
7
21725
11
9
9
40174217
3
142673
107
11
1025736
8
8
10
6
11
7
11
18
18
7
10756894
7
4
114226944
44585
12
16
905
7
10
127933
5
10
40263
14
27738359
7
10
9
11
6
4
7
9
5
3
13
9
3
13
11
6
12
3
10
6
1719
6
6
26674
15
6
7
14
7
3
9
7
5
5
8
13
5
16
18
9
10
194570
3
3
5
5
9
4
4
3
7
16
14
9
17
9
22
199489627
5
10
4
3
64463
10
17
7
13
74936
124808
19
56600
12
13
13
100762484
8
5
9
9
10
8
3
5
5
14
7
13
11
6
6
9144559
21973144
9
15
5
291940
5
6
12
8
5
564930
10
11
4
49052448
6
7
12
10
4
6
3
4
19
4
4
5
6
14
10
11
183150849
6
5
14
6
453105
9
9
4
9
9172
27297363
475027
8
3
6633
4
425
15
17
3375892
9
5
3
3
9
40176903
3
16
5
7
5
4816
4
13
7
3
82224088
18
13
70938
6
9
4
3
7
5
7
426
12
12
4
10
5
5
4
13
3
8
3
3
14
8
3
3
21949190
18
6
9
6
41657588
9
4
3
7
6
8
8
11
4
9
6
7
7819192
134911755
5
3
11
4859
11
6
15
63633466
3
4
3
7
60349250
19
7
186684593
16
7
583979
255315
13
3
12
10
9
36978833
15
8
8
23395661
14
9
3
6
8
7220211
8
3
713324
14
125102412
13
1469784
49089644
9
7
9
12
10017
3
3
11
8
4
8
8
13
10
11254704
26111
482945
12
10
12
15
5
9
10
6
6
6
5
3
9
5
10
12
9
3
4
11
7291642
7
1001423
8
155199786
49641106
8
13
12
5
11
4
11803602
24744685
9
5
4
13
11
3
9
41511
9
6
5
9
11
3
8
4
3
8
3
10
10
10
6
10
7
11
4
5
12
5
3
8
5
13
5
32298392
5
8
6
10467
4
12638
44323095
5
5
5
4
15
10
7
10
5
7
12
7
15
12
3
9
40737473
7
13
3487026
7
7
3
9
3
5
5
8
9
6
129667267
5
6621
113897
18848
14
13
7
3
3
16
3
3
12
8
24179
5
62567
7
3
17
13
13
9
6
12013
11
14
4
9
13
7
6
4
37918506
7
6
3
7
20011368
5
8
7988472
31034489
21977197
10
3
14
17
6
6
5
18222520
3
3
3
5
10
49708138
9
6
67852671
59596
9
6
13
9
16
11
4
59588
12
5
13332395
6
3
4923877
6
3
19718
4
7
4
4
6
11803602
18588491
3
4
12
8
8
5
25
9
3
9
49130653
4
4
15
4
3
6
3
11
63604686
10
5
13
9
6
8
19378917
9
16
7
3
4
12
9
7
8
3
3
3
13
14
3
11
5
8
16
5
8
3
3
124942639
6
13
10
9
11
7
5
10
11
4
12103
7274218
15
7
8
13
9
10
6
3
8
3
5
4
5
26204738
10
4
5
11
4
11
7274504
7155
5
7
14
3
5
10
86424561
10
9243467
7
2452769
4
15
12
4
8
3893
8
7
10
5
4
16
3214036
12
1951
10
12
5011
13
7
16746029
5
7
13
58671252
19
7
4
11
8
6
3
6
7
5
5
37370799
11
6
7
6
6
18038497
9
1293
7
10
5
5
7246022
756
64070938
25
9
3
7
5
12
8
3
5
15
11
41856357
11
12
5
9
4
6
6
41873137
3
4
5
6241
3
4
8
9
3
9504356
13
3
5
5
3
37571714
5
10
3
7
18
7
4
3
30994454
16
4
8
34607072
5
7
7
17
8
14
3
5
7
10
7
62544457
48995843
69890935
5
115961034
5
11
5
6
4
8
3
4
49632070
6
27686985
8
7
4
10
11
5
8
4
7
8
11
24205
19
8
537277
10
8
9424
5
49098744
15
3
74529715
707329
3
6
4
11
4
7
14
341982
10
13
431
4
6
5
9
13
26462319
4
4
6
14
3
5
4
6
9
6
5
8
6
7
12
11
8
9
7
8
5
4
9
6
11603
10
2322313
7
6
13
10
8
15290
40178733
3255446
4
5
7
8
12
18
3
9
15564218
15
13
107363
13
8
21
8
12
3
5
8
10
12
6
3
3
37391696
3
1064347
10
9
10
3
13
9
66275934
16
6
9
553507
3
5
9
54131
37427494
4
9
9
10
11
3
10
3
1683746
11
3
6
14
4
3
9
6
9
11
10680703
3
7
16
6
5
7
5
16
10774588
3
37900482
6
5
17
3
4
7
9
3
11
5
9
11
5
7
8
21
6
101367
14
8
7
49641049
5
7
10
8
4
49125468
9
4
38740
9
6
10
111371505
6
81992687
3
6
3
8
4
15
13
12
409
7
11
9
7
4
1089746
12
8
13
15
7
4
6232
18
7
16
3
49044261
71351875
16
13
5
6
4
7
9
14
11806724
8
5
4
12
11
59625
4
135322327
8
7
10
6
11
9
13
5623
4
8
13
71807316
15
3
16
15
8
7
9
4
6
5
13
40739499
8
12
3
9
5
4
3
8
6
7
3
448396
9
3
2985
14
11
6
3
9
3
4
5
9
8
6744
3401288
9
9075021
9
5
7
4814
7
6
12
506666
9
6
4
16
7
15
9
9
7
16
8
13
4
6
8
94290
4
41856374
18
13
9
10
8
4
11
8
3
15
6
179613
10
43238532
10
17
384
8
11
7
11
5
19
5
3
49002772
8
11
7
11
15
13
11
3
8
3
3788
8
17
4
4
3
10
6
6
8
31039277
484330
9
9
11
4
15
17
141110544
18475993
5
2006
7
8
3
11
13
10
3
6
3
7
9
8
10
4
3
5
10
4068222
8
9
3
22367797
14
5
88
4
7
3
3
4
4
4
9
10
36768076
9
8
6
9
9
5
5
8
4
6
7
9
6
13
5
101570103
119589761
9
14
10
6
5
4
18425329
3
380
47619
6
5
3
5
11
19590746
3
6
12194251
3
8
13
7
15
4
10
7
8
8
10
3
4
10
4
10
15577984
10459554
5
13
6
9
3
9
10
6271
5
9
7
5
6986
5
6
6
6
11
9
16233
14
4
5
6
3
3
6
8
5
10
5
5
4
7
10
3
4
6
8
14
7
4
12
7733447
3
5
4
6
57021
9
49079653
9
17
48814
9
29768485
7
5
6
8
3
5
7238447
23602
41856349
7
10
5
4
774243
17960910
5
2985
6
8
8
6
36769
5
7
7
23100302
6
6
11
1113592
4
5
4
7
3
7
8
9
3
3
6
17978646
5
41232
15
12
15
4
5
7
6
17
5
7
4
3
13
6
6
32745209
3
10
500052
13
12
6
14
4
3
3
4
2386
855
11
3
5
8
16
6
41882471
6
11
10
11
3
7
3
4
5
7
59593
4
26764212
22
49656242
11
6
6
11
4
4
3
41869206
45
41828237
11
5
5
27129888
3
30991412
41856723
5
9
3
11
3
14
5
3
13
3
16
504148
3
3
5
7
9157
5
9
15
6
12
12
37427492
4
9
102173958
5
68236908
8009157
7
775328
5
18
9
5
8
5
7
8
5
8
8
7
8
3067
122714518
31051086
9
4
11
7
3
15
8
6
6
8
4
7
11
7
7
4
26827447
12
16998156
5
19
14
3
6
7
7
4
4
2822260
13
13
7776868
12
13
11
14
9
5
22738380
3
3
3
11
3
7
8
4391
6
8
6
31180200
8
3
10
10
10890046
5
13
5
4
5
16
31960827
546703
11
7
4
4
13
18594432
16025
4
184794133
4
3
18
5
3
7
49634003
7
3
14
10
4
48292
7
12
12
9
6
9
7
8
9
14
7
4
6
10
5
5
8
3
12
6
8
5
3
4
3
10773907
4
2767173
4
136231501
7
3
4
40528
4
27675834
10
4829
4
5
7274503
3
3
8
7
16
8
6
10
9
41899958
5
10805954
3
4
19
8
14
11
4
8
59583
8
9
4
35256
36
12
365
4
3
6
4
6
5
4
22452
10
3
10
3
9
1151607
9
5
7
7
30
56765
5
9
6
6057854
5
9
41828253
4
56814043
6
5
7
5
11
127430
16
8
18588630
5
5
8
4
33912
37836518
12
7
6
167742990
155734
4
5
10
15
5
6
16
4
41856352
3
23
9
10
4
7
11818181
2985
8
7
12
9
5600496
12
14
5
7242117
53824410
9
15
5
7
13
3
12
5
9
13
4
14
66677040
27123869
5
13
4
11
3
12
7878
13
6
10
11
10
6
6
6
3
10
573
3
8
9
5
8
10
3
9
7
60767
7937736
8
15
3
3
6
4
14
4
1744521
7
135
13
7
10
6
25903376
9
9
36908243
3
8
46231485
3
4
5
6
3
46611433
9
3
11
12
3
9
11
8
13
12
38273193
6
20672986
15
6
10
3
11
5
5
4
3
133289
5
332807
27116268
6
6
3
4
5
4
133562
12
7
3
8
41896152
9
5
7
9
10
8
5
10
4
6
6
4
11
4
49650847
5433
5
57171
11
3
7
760944
7747773
1586964
10773906
7
12
3
7
5
5
6
10
6
11803604
136206905
5
57021
7
18577614
5
18605929
41879777
5
8
3
5
9
3
11563509
10782675
13
8
4
9
9
11
14
14
4910
6
9
3
3
9
6
15
3
13
8
3
8
5
3
4
132446844
5
15
10
3
41870146
9
3
13
8
5
11
4
6
12045
7
9
3
5
7
9
10
7
5
4
13
9
6
6
5
10
5
7
3
1395
3
9
15
4
14
415
4
4859
10
16
3
8
41856353
13
8
15
254602
15
4
3611385
8
8876
9
9
9
8
506610
47509089
6
5
11
5
7
4859
12
5
9
12
9
5
5
5
7
3
14
5
10
7
49654100
5
5
4
4
11
10
4
11
3
8
7
11
15
55433731
46389747
8
5
11
6
11
19934551
7
14
9
17
8
7
6
6
8
427
70
11
45636749
6
3
27817006
15
7
8
46
5
6
9
11
9
12
11006885
5
30577458
536831
12
9
6
20
7
3
4
3
17
3
9
4
15
3008680
4
4
5
9
8
14
8
4
5
3
8
9
5
4
165094325
1700041
3
6
552746
12045
11
4
3
14
8
5
9
15
6
6
6
423
12
15
8
11
551768
6
8
7
12
20
9
7
4
5
3
4
7
4
6
12
15
9
3
9
3
8
123180353
8
8
12
3
4
8
6
10587509
5
9
10
6241
12
7
3
5
12
36827445
3
11
8
7
7
13
11
41811677
11
6
7236328
3
151531317
5
14
7
6
10
702344
14
4
7
3
3
9
5
6
16
1397
7
4
4
4
4
5
12
7
10
41855463
14
10
8
6
38990136
7
8
3
5
10
8
3
5
7
4
813
10
8
3
41869775
576
41856382
5
9
4
5
8
22
56753791
4
7
9
4
11272118
5
5
7
6
43432860
5
4
8
49110329
11
5
5
64404069
12
5
6
106054688
7
41861759
49632086
3
7
4
12
8
6
7212089
20
3
11
3
8
8
756
7
6
19
5
24205
5
393721
22
12
4
3
14
12302
3
225062
11
4
6
10
13986
12
8
7
8013669
19506097
38666289
14
19
8
10
15
3
6
9
38347072
5
16
7
5
13
5
5
15
11677833
4
7
3
14
5
5
3
8
558637
11
12
4
3
5
3299618
960
5
10
4
9
19341863
7
11806138
5
5
10
21977199
7
8
9
4
8
7
11
5
7
5
15
4
6
15
5
10
4
8
7
4
7
19915450
21973147
8
7
9
15
9
5
5
8
6
15
5
5
3
5
24
7
8
497527
6
6
6
17075773
8
9
6
10
636
9
10
9
16
6
6
9
3
13
12
9
7
11
9
960
5
9
8
6
10
52762
588714
11
10
5
12
354498
8
8
38309042
4
9
9
4
4
13
18
14
4
12
5
15
6
16
8
6
5
15
15
14
12
5875
11
18
18
7
40726974
5
7
6
9
3
4
12
5
16
14
7940064
5
42872
3
7
3
87136
4
8
6
24964
10788467
5
4
66590310
3
16
3
5
9
7
37469023
10
9
372693
7
3
56168
9
11
13
4
11
7
5
3
12
16
4
8
13
10
6
7
5
4
23025650
7
7
14
6
5
15
5
13
6
11
4868124
25
9
9
8
3
10
5
5
6
7
22
8
5
8
9
3
11
6
7273728
7
13
3
5
6
8
5
24220
6
46644440
15
57981
8
38622561
3
4
8
6
5
5
40678813
7
10
6
4
3
10
5
9
8
7
8
10
9
6
4
14
5
5
59160
5
27133699
56098
5
6
4
7
15
8
5
56684
10
5
6
20400136
5
9
8
10
12
4859
6
41856347
8
9
13
3
3
6
9
16
110280620
59444
5
5
7
4
3
13
4
50192082
5
49709234
12
7
14
13
10
3
41858449
9
5
4
5
5
4119
19926219
9
11
6
5
15
9
9
6
5
3
15
22650828
5
3
5
4
3481689
6
17
10
6
5
7
3
15
3
215721079
56754
5
7
16
8
11
3
4
41856349
9
4
8
7
8
13
5
5
6
9
11
5
6
3
4
21973144
6
4
6
3
3
8
5
221
14
216918261
9
11
67581301
8
6
4
23202
6
10
14
11
9
3
66387831
5
49652281
12
6
37350905
8
3
4
7235642
14
6
8
7
546658
3
14
4
44
3
76846225
19387404
9
36
3
205685
11
9
7
43238956
4
13
11
16
9
11
3
3
10
5
9
12
4
3
10
114881461
9
137378779
7
9
37373594
5
8
15056262
7
8
4
9
4
7
14
7
15
5
6
5
5
12
9
14
3
4
14
6
8
6
3
9
3
3
9
862
4
131460292
11
4708
5
4
11253643
10
7
3
13
12
52135
9
14
10629
498
6
58775207
12
6
3
5
49573650
4
49115881
5
9
10
6
4
9
41869206
8
7
6
7
12
8
5
7
3
15
8
49652065
9
4
5
8
5
8
9
9
10
8
8964394
5
6
92247
6
7
3315011
4
6
7
5
5
8
4
3
8
6
10
14
8
11
11
27674074
11
4
4
3
15
264722
3
14
3
7
7
6
15
10
10
2027232
10
8
3
4
3
6
7
4
7
6
5
9
14
9
7
3
13
307655
5
10
12
6
3
5
3
1213
5
7
7
186452013
5
12
6
3
3
7
6
14
6
7
7
9
4
6640
9
5
33516
4
5
18
12
8
9
408532
8
8
9
56381
113296655
4
6
40657493
55517449
13
7
11
41887499
3
9390973
11
6
30170447
8
11
6
19
5
25520746
4
112054873
11
6
4
20
6
7
5
5
5
16
2004
14
12
7
9
11
107082
49625959
3
14
8
3
5
15
3
3
4
5
14
14
3
3
13
5
3
14
5
5
11
13
6
108477
16
12
13
6
6
6
6
3
10
3
3
13
13
7
8
10
5
11
2249
9
3
13
18
8
6
13
6
5
7
6
12
13
15
8
9
4
6
7
4785
8
8
4
12
7
11
9
19
14
6
10
3
37459195
12
3
16
9
10
4
49642019
5
106003
5
4
3
30908582
6
3
57391691
8
12
85523
3
6
6
11
8
9
3
11
17
23527366
7772258
45120101
8
8
5
9
15
41852727
4
15
12
11810635
17
4
10
3
3
3
6
7
6
3
8
3
3
3
10
7
7
6
7
97902
11
16
11
3
3
13
8
3
7
2985
16
8
8
11
11133211
4
5
3
11
18526531
5
5
4
13
4
7736646
9
7
8
10
7
7
5
8
5
18040927
8
10
4
7940064
9
14
6
6
4
8
62189948
5
13
8
10
10
3
12
5
14
3
111636
10
6
3
3
9
16
11
34876
19
12
23436783
8
10
4
41902256
8
6
5
15
12045
10805123
7
3
3
3
3
4
7
5
4
5
3
9066175
11
4
6
3
12
7
12
7
5
8
5
64609727
6
5
2985
9
33307
10
58645263
4525
10
14
8022
38492342
3
11
3
7
5
9
8
15
3
8
5
12
3
425
7
5
10
8
14
10
11
5
5
10
11274249
5
5
3
7
9
3
4
9
9
4
3
3
4
25806842
358026
4
21290623
10755921
14
49628078
6
5
10
3
5
7
4
11
11
9
4
14
3
4
11
16
4
8
15
13
4
21973144
6
8
7
11
9
7
5
3
41856349
13
3
3
29113513
13
83214829
4
4
6
5
21532105
14
4
8074
40736917
5
3
9
4
5
7
3
4
11
5
5
15
14
6
5
5
6
3
11153741
6
11
20
3
595423
6
5
9
99104495
8
57117
7
6
40707910
17
13
5
9
3
5
4
8
7
41785480
8
6
11803601
4
6
4
5
10
12
503674
3
9
3
9
3
7
23044676
4
4
3
6
3
7
115616747
10
41893925
3
3
10
8
11
10
9699167
5
15
8
3
5
59588
5
5
123278209
18580279
8
5
9
7
14
5
9
3
10
15
7
6
10
12
186663
12
15
6620
493316
3
7
30135470
8
3
13
13
24200
13
5
14
6
5
3
6
5
24759
10
13
7
10
27144258
7
3
14
14
3
6
14
2608
8
3
9
7
7061
59183
3
4
3
11
14
4
7
15
10
8
37913648
4813
3
3
4
5
4
7
2985
113158
3
41856359
5
7
7
13
3
14
4
6
1366028
6
3
96980
11
10
17005068
12
4
13
3
4
6
6
10
8
10
13
11
7
59592
7
8
10
9
11
63812185
4
8
40183408
9
3
4
8
4
5
11
10
41861851
3
20
31214743
56742343
18033891
9
4
1339827
47960145
9
5
40197052
8
10844646
10
6
3
7782341
16
11
12
4
16
6
11
6
10
3
5
16
6
10
11
5
11
17
10
73419
10708732
13
5
3
75359
3
6
13
14
12
11
7
7
7
6
7
8
9
3
12
8
122089331
49622621
5
9
16
11
13
7
11
49631627
13
4
94058
8
14
49107665
7
448137
10752579
3
54946
6
10
8
5
9
8
7
3
11806138
774079
14
3854017
60013
12
10
5
57150
59091962
44175
5
12
3
7
10
3
6
12
173213289
7940064
3
12
15
9
12
7
6
9
7
3
5
3
3
5
3
6
4
6
11
7
8
9
5
15
4
7
83178455
3
95357341
7
5
3
3
3
10
6
5
21
6
8
8
3
9
8
14336470
4
5
5
5
47888973
3
1838
8
16
6
15
5
3
4
11
11
45742461
5
50049
18
13
7
1011
10
4
13
3
4
3
7
5
38987259
8
8
231596
9
4
7
3
14
8
15
6
5
24
4
8
4
8
4
7
4
7
3
6
3653
6
7
17
8
7736676
9
7
8
13
7258920
3348521
9
12
3
14774459
12
12
7
7
10
19
4
3
43801810
13
7
11
16
8
8
30643
13
5
4
6
7
8
93
8
5
12
10
5
81404
9
31
4
7
3
12
5
5987
7
14
3
10
7
5
59170
9
14
5
3
4
13
4
6
9
11
3
5
12045
9132174
13
6
56601
4
13
6
5
10
79387
12
7
12
7
3
7
13
854
10
10
9
59370
4859
3
8
12
4
5
3
10
3
3
9
60836029
38914679
8
9
5
8
6
15
9
5
107
11
3
219632
7
16202400
3
9
5
5
9
3
8
4
9
19907800
14
3
2818
4
6
67305654
10
5
10
12
3
11
286
9
49104020
6
5
8
5
4
9
12
11
12
7
9
7
7
5
9
13
6
13
5
13
59175
11
6
15
4
3
11
8
9
7
36277340
12
6
6
6
10
12
3
13
5
3
10
5
47391161
4
3
10
5
14
5
5
12
8003000
12
8
4
7
93646
6
6
8
31068447
3
11
8
13
12
41856684
533253
3
6
11
6
5
7
15
3
11
11
6
6
206963
3
5
4
5
4
7
5
4
10
3786
3
4
7
20881116
8
3
11
9072327
3
4
18052710
8
5
7
9
3
14
7
9
5
6
7
4
13
5
13
7
1577
10
6
7
10
141936346
1294
59172
25571
8
5
10
3
3
15
11
4
12
5
9
16700994
11
8
8
7
3
368781
12
3
9
2337
11344
3
11
8
6
21973144
15
16
6633
9
14
13
7
10
30423797
16
71222
9
41856360
5
5
6
27164531
7
41833096
5
14
12
11
10
9
17
5
8
4
7
5
4
10
13
3
510361
9
3
8
7
8
415
16
8
3
7
11801984
3
5
7940064
10
4
5
9
11
8
12
10
9956956
4
8
10
7
3
59596
3
6
1046
505189
4
9
5
6
20050442
5
37
8082
11
7
4
937524
7
5
3
12
5
9
25741523
3
11994
7
7756
49045638
5
11180179
3
12
5
6
3
4
6
12
3
10
4
8
625169
11
15
89836774
23546850
5
51658
8
4
11
9
10
3
6
4
4
15
4
7
7
11254491
41702696
3
5
8
5
8
35139847
14
13
11
3
15
7784558
5
11
7
11
8
3
18164675
9
8
3
11
4
7
5
8
6
6
10
28706153
11
213212063
13
5
8
16
7
18
3
5
13
4
7
15
6
9
6
3
41890022
7
20
7
4
9
10
95028498
4
15
6
6
8
4
4
7
4
31236110
5857
12
7
10
10
7
6
425
3
8
14
752
5
11
7
3
11
10
8
9
15
8
5
6
3
4
14
7
11
4
10
3
7
7
10
387710
13
9
26935842
6
8
27733
3
8
4
4
12
7
3
3
38858580
6
3
7
41856359
5
20
115
3
8
6
4
10
12
4
680104
15
4
5
3
7
31160089
3
9
11293406
7
84730
138002908
16904045
3
8
10
174
11
9
4
13
50205994
5
10
9
7
5
10
10
6
3
27677861
10
8
11
6
4
16
8
11
11
425
10
13
10
8
5
1322
7
275
4
13
8
3
5
10632004
7
8
4
5
6
7
5
9
8
7
7
3
5
6
7
3
5
13
3
40781383
12
11
7
11621550
6
2444
15
11
12
5
80098317
10
6
9
6
11
9
7
87024528
7
6
5
9546
14
3
15
5
65388
40171852
49145880
3
10
10
14
1039781
8
7
10
7
5
8
4
24209
11180760
16
7
3045514
3
8
34021874
4
12
5
4
7
3
5
6
38478365
6
17
11
10870064
3
6
9
12
6
3
4
5
8910875
15662
4
16
11
12
12
10
6465458
3
12
7
7
80459688
12
7
5
4
5
10
5
9
3
3
10
9
13
16
16
17
11
4
3
4
123353190
13
4
8
11
9
8
3
3
5
18
14
4
41855436
46256722
14
11
5
9
8
4
9084802
10
12
6
3
15
38666292
6
15
5
15
43
8
5
715361
16
5
6
90229968
11
4
11
3
6
10
6
3
5
4
15
73899055
10
8
19913824
8834
13
16
13
79189944
7
4
3351918
11
10
5
10
6
4
3
8
6
9
3
4811
190124522
100910630
6
8
4
16
14
10
7
3
242784
7
4
9
5
9
3
6
8
3
7851788
10620869
8
6
14
3
6
5
21862517
7
15
6
13
10
11
9
6
5
6
9
8
7897186
17
12
8
3
3
5
10607889
11
31621943
6633
140097617
15
7238437
17380673
47964831
6
3
5
10
4
4827
11
6
12
3
5
4
10
7
3
13940
11
11720910
170562
6
496880
14
30180457
6
16
6
12
8410236
4
6
430
49106557
9862494
975
22801788
10
4
7
9
41092159
14
7
9
5
16
77646603
11
5
10
3
43906
9
4
5
14
15
11
10
7
7
9
1257
3
10
6
5
3
74826
9
8
4
7
7
13
13
9
6
7
4
5
12
7
3
3
129781085
9
12
7
1642
9
7
3
3
58752569
4
11803604
87204451
5
11
4
7
15
3
68121092
94501356
5
5
5
16
8
3209990
16
3
17017161
10
3
4
64
7
20408707
5
7
11
7
17
4859
5
3
8
30567415
80877
4
9
9
9
8
7
3
8
10
11
15
7
11
10
15
4
5
5
3
11
5
7
10
8
6
10
7
11
8
7
7776928
11
15
8
13
16
3
6
5
11
9
7
9
9
8
8
231
8
8
8
7758226
4
10
5
11
3
6216
5
6
502
4
4
8
66778039
2629607
6
14
7223151
7
3
17
7761176
8
10
6
6
3759
6
4
803
5016
8
7
7
2496802
1234
4
6629
10
5
3
11
4
6
13
9
7
10
8
16
14
11
4
9
6
4
5
5
17
6
17
9
5
43236505
5
7226347
5
14
4
7
14
7
142985639
8
13
11
3
5
6
5
7
8
5
7
14
31057780
41855638
6
6
7
9
7242141
7
3
14
5
5
6
3
9
8
6
7322782
3
13
6
9
4
4
15
13
12
4
5
7
13
4
6
17
52614
8
7
11
4
6
3
9
9
3
8
3
8
4
6
13
8
8
5
1570775
3
15
7
5
4
8
12
14
3
9
12
6
5
4
5
20
6
18
10
10
5
3
10
11201898
6
22724402
78537059
10326
10
4
15
8
5
12
6
14
4
4
9
5
4
11
11815831
12
3
11
3
8
6
3
5
54796257
12
7
12
7
4
284839
39124
7
12
15
15
4
14
12
7
11
8
5
14
4
41856340
9
12
18601700
9
9
7
14
41856350
5
3
13
7
9
7
3
4
3
10
5
16
8
5
12
5
16
8
4
3
3
4
8
4
9058
4
31303466
4
9
3
9
5
7940064
11
5
11936
3067
3
3
4
10
7
11
6
134623
4
5
4
5
3
6
3
7
7227781
7
7
14
5
9
5
4
5
15
11
8
3
7
2692615
12
14
9
8
11
10
13
10
4
12
6
5
6
10
20
40741849
9
161169477
6
19
10
4
30571704
7
8
10
3
23576007
3
6
6
4
6
5
41832160
17989370
4
11
9
3
5
16062180
6077
10
8
9
12
5
15
3
3
5
14
8
4
11
6
62402185
7
93468922
9
3
9
3
9
7
13
3
7
15
14
15
19
22
5
7
7
3
17
10
11124158
9
102653
5
10
12
5
5
5
7
9
33
8
155514
12
13
41880717
5
5
3
58086354
4
8
5
14
7
11
116905
24159
3
3
3
5
3
11
3
5
5
5
7
3
14
16
9
13205
7
8
9
8
6
7
6
3
9
4
6
4
82934370
6
6
29044721
8
8
575380
5
9
5
11
5
8
3
12
3
11822684
11
3
33022594
5
4
11
5
6
5
7
11
13
3
5
13
8081
11
7
9
19933777
5
38882633
6
25230
49152457
332120
6
5
6
5
6224683
9
5
106003
20
76572822
685053
5
5
7
4903
3
9
9
3
47793908
7
12
9
7
3
8
16
7
9
6
12
3
8
3
25155211
9
8
8
16
13
19723064
3
3
5
1359
3
14
55154630
10
10
3
14
12095005
93467908
6
62913657
17989374
18
13
3
3
643993
16
7
11818155
19754
7
5
12
6
9
4
3
3
16
7
9
3
5
3
79081623
5
5
3
12
13
5
4828
5
5
34452269
3
5
3
10
15
7
8
3
10538740
14
13
9
10
5
3
9
5
6
16
4
9
6
13
6
5
3
3
11
9
7
9
3
16
16
11
21973144
6
4
9
4
12
11
7
7937742
7
8
6
16
15
4
6
5
4
3
10
8
13
8
12
6659
7
5
7
5
7
6
46797447
49071466
8904
9
6
6
8
7
15
16
21973144
49114917
3
5
49121607
3
28214
4
12
10
3
13
49101587
3
10
20109887
7
3
6
5
23
8
6
3
12
11270004
6
11
4
7
11
11
34653
4
14
77291
4
4
11
17
8
8
24
6
3
3
3
10
5
7
3
4
11
5
6
4
11
9
8
4
8
104174917
11
3
7
792739
6
57021
5
3
3
4
15
1025
131587081
15
4
5
15
13
13
13
6
3
4
4
1299412
14
5
3
8
41869
10
10
4
10
14
7
21275931
10
14
66457773
548
4
13
50706468
3
3
15
6
3
3
3
3
4
7
11
5
332
7
9
5
6
8
12
3
7
9
5
38676
89837178
58347644
3
8
8
14
3
19
4
4
5
10
16
80989288
5
6
9
6
13
10
4
3
15
5
259555
5
11
15
4
2973
3
49433375
7
5
285075
14
5
12
11
25400845
4
5
8
3
16
9
6
7
11
3
9
1960
7
23412
3
5
25922138
30708473
13
3
6
15
9
8
3
13
27250959
3
7
6
12
8
5
4
7140607
19029
4
6
7
16
5
3
16
5
16
15
4
11
6
7
15
21841657
14
3
7
7
3
13
10570271
4
12
8
18
7
10
11710031
3
12
2034091
11
8
7
4
37414
12
14
4
27668604
6
8
1734
19403
3
696
20
11
45180
16
58234693
49125470
8
5
9
10
12
39142329
14
7
9
8
7
4
15
19018
5
4
6
7
5
3
7
10
8
9
40170256
3
11
5
5
568114
10
7
4
3
256134
4
7
33516
4
10
14
7
9
86496
6
3
33632601
40737478
3
3
3
7
506567
5699131
9
11
163428254
3
6
4
10
5
9
6
11
14
4
13
7
12
3
16
32321
11
865188
3
8
18
10
19
5
3
17
10
7
8
5
7
8
3
12
11
11
14
213315568
6
10
6
10
5
4
5
14
126191252
10
97353404
16
6
8
12
4
6
6
11
5
5
38678392
5
6
8
8
7
10
6
7
8
11
4
19554
19624
4
26587
3
6
4
14
32475351
7
5
12
8
32336847
6
3
2632027
9
3
11
7
133667779
6
10
4
3
16
3
12
12
116480601
9
60022
3
8
16
9
4
4
60957150
7
3
3
4
12
22776848
51921
5
9
5
4
4
47943803
21
9
5
3
9
3
4
10
14
7
16060784
11
10
10
8
47925946
4
27666812
4
15
3
92770317
8
3
11
10815666
3
10
4
5692572
8
9
8
4
14
1905218
7
7
16
16
7
3
4
14
3
99418653
8
16
11
12
120371191
8
3
9
10
4
113153647
3
9
18
3
5
5
15
5
12
8
7
9
3
49125470
3
4
11
27787275
7940064
22
8
9
11
10
9
5
6
20
15
10
6
5
3
9
10691820
13
6
10
9
9
4869
5
3
201117
21966917
5
3
5
8
18
5
15
9
65709889
11
5
9
12
9
30232
3
4
10687397
10
4
14
13
6
14
3
8
8
5
37528221
4
11
6
16
5
4
7
10
7
25039723
4
2478288
6
18612
12
7
5
18
6
3
7
8
11
5
8
5
7
18
7886722
9
3
4
5
3
9
3
14
2365810
910836
11
3
7
8
8
12
4
3
8
7
3
13633
4
12
3
8
10
3
49146182
5
8
6
5
4
11421247
6231
16
5
7
5
5
6
3
4
7
11
12
31161401
9
10
3
11
7
80738923
41856363
750445
5
122
4
3
52189414
3
10786180
5
3
8
4
13
16248507
22
18
4
5
5
8
10
4
9
5
10
8
3002
12
7711810
12
14
5
10
5
14
49125472
7
21
8
19
5
3
6
7
10
7
4
5
7
3
15
17969595
6
9
4
10
3
5
6
15
10
22
15
4
1872795
10
3
6
9
3
4
11217017
3
10
11
180656
3
9
5
6
4
7
11822690
6
3
3
18376
7
7
11
13
6
6
7
6
364235
6
6
3
6
28209
14
4
11
6
16
113142
12
4
7
8
6
4
5
15
13
5
11
3
7
10
38443003
5
4
3
49097724
11
7
8
12
4
7
12
6
14
8
41856693
5
8
1140
13
8
9
7
9
15755186
19439464
15
3
4
4
13
6
6
3
10
4
13
4
3
3
20186
11
5
3
15
16
8
5
9
6
5
4
4
5
4
5220900
110395
8
7
8
10
7
6
8
3
9
6
11
11
7
6
49641931
26702189
8
17
3
38723130
7
41715279
18
996938
6
4
7
4
42789
13
16
3
305
3
8
5
8
3653
5
18
10
1113887
8
12
21973147
10
4
3
5
8
14
3
3
6
3
7
9
3
7
12
4
14
3
7
7247858
14
3
7
8
15
5
14
3
3
8
41884715
7
16
14
19
3
11
12
9
12
47761576
11
3
10
9
16
6
9
11263970
7
7
20
7
6
8
15
9
12
6
13
10
49137836
5
7
45911540
12
5
23032715
5
12
5
3
12
3
4
7
15
11
6
4243
12
8
40071
15
11383720
11
89825074
13
15
6
7
9084531
9
4
5
17
9
3
9
4
14
3
87601160
7
56702
5
5
9
9
10
5
5
8
49123758
6
3
9
14
7
13
10137943
14
17
12
11
11
11
6
12
10
6
9
12
1308
7798
10
9
5168724
3
5
9
1697
5
5
7
4
4
234179
8108105
3
12
7
9
9
14
5
8
7
6
11
6
15
6
11
3
7
10
7
11
12
9
15
11
7
14
11
9
6
3
15423
12
8
14
9
5035
6
17
7
17688264
15
14
7
10
5
3
8
9
13
4
6
13
4
6
11
8
6
5
11243488
560037
15
7259521
9
11
5
16
35017908
14
3
4
15
10
16
16
6
7
14
12
7
27680620
3
496
4
24495
8
30938623
558644
5
8
4
3
89813597
7
12
13
4
5
10
38166922
4
4
10
13
13
3
7
12
3
16
3
13
74225467
72538424
18
306731
6
4
9
4
10
3
6
47968198
16681870
24204
7878
9
13
7
16
5
8
13
30138021
6
9
11
10
14
10
8
3
9
3
7
14
7
7
11100209
7
14
4
1254
7786420
7
6
4
9015
9
8
3
3
11
15092031
21973139
40236220
3
7
11
4
1905
888010
7
13
3
8
12
3
4
5
274123
3
5
9
13
6
13
8
134345
4
6
31510
5
4
9
3
11794774
21587345
70948526
7
10
59168
6
6
165757352
3
5
11
9
9
7
3
11
3
13
11
13
3
13
4
9
8
20253076
4
151865
3
3
9
3
9
11
506649
6
4
31034489
5699133
9423
3
17
9
7
3
8
6
3
10
3
12
9
10
13
10
40180436
8
11
8
12
12
7
8
13
6
11
15
10
3
10
9
4
4
3907
15
5
7
7
15
6
6
6
2994
3
10
6
6
4
9
13
9
782
10
7
3
12
5
15
13
3590959
14
11
7
4
3
49125470
9
5
4
37902451
3
3
6
4
3
4
5
4
41858512
4
16
9
8
8744
4
12
12
8
4
4
13
29560762
4
3
8
9540
9
6
3
3
13
9
7
11
49125467
8
14
15
12
11
3
18
8
6
10
8
4
5
6
6
12
9
6
6
89837465
4
13
10
9
4
5
10938850
14
4
7
8
5
8
15
76604415
10
7
10
3
40693473
21572814
8
62507475
5
3
9
11
14
7
5
4
5
13
5
4
14
9
56642
5
36670943
3
15
9
10
3
7
10624107
8
5
11
18
6
19
5
3
9
3
9
5
6
5
7
8
5
10
7231
7236862
34792
6
15
5
12
8
12
7
7
11
5
5
5
5
29048765
4
5
5
5
11
5
3
3
6
11
8
6
7
7
4
5
3
8
5
6
13
4
5
7
9
9
3
3
5
5
49118266
7
7
14
4
319
5
5
13
6
10
4
9
5
16
3
27480590
19
7
3
12
14
8
5
10
10
11806729
3
11
14
49595927
162427073
5
11
16
11
6
15
3
3
5
12
11
10
8
942
7
6
264
58827220
21150
8
5
3
15
11
9
46233138
14
3
9
6
5
137732622
12
3
16
41899958
6
89813343
16479
5
10
80095764
6
14
13
10
534949
7
4
7
11
11
5904
7
11
2985
4825
15
6
47976578
17
5
8
8
9
9
5
6
5
3
9
6
8
5
29493548
7
6
10
73012659
10
8
11
7
4
6
9
10
23050
3
5
10
5
3
7
11
7940064
4
16
16
9
7
11
6
6
56754
11
6
3
15
5
9
15
12
14
15
5
7074
10
5
11
3
11
3
4
6
16
4
9
3
12
3
5
8
8
9
6
9
4
7
5
5
4
8
5
5
3
7
5
6
4
9
8
11
11
8
5
16
3
7762593
10
13
3
3
12
4
9
5
3
11
7
5
6
4
15140
3
6
3
5
5
6
6
44310849
3
15
5
27351682
12
4
7
11298461
8
7
18498003
13
5
8
3
6
4
3
5
3
8
93233
161884
7
41782680
8
7
5
104580147
3
30211968
3385
15300319
9
3
13
8
11
7
7
6
10
7
5
49621938
76418755
15
8
8
3
7
9
11
8
9
4
11
9
6
7
15
5
6
3
12
1
11
11
3
6
7
38666299
9
10
5
10
149
3
9
4
8
5
3
9
8
13
5
5
11
1956
13
20
10916
6
8
3
4
15
7
7
58250826
5
7
9
12
3
7
13
6
7
6
7
6
3
1257
7
13
4
6
12
3
7
4
6
7
4
8
96296
49107182
4
4
6
3
10
12
404364
14
14
21977197
9
9
7258920
6
5
16
11
6
3
8
11
15
14
49632071
28194732
7
9
5
5
15
49138134
3
8
3
535
12
7
12735
11
3074229
10853235
10
9
11
11
14
3
12
10
6
3
7
8
5
3
12
13
8
5
13
9
4
7
17624
59128842
3
5
11
4
5
4
41856350
1682235
10374662
89827291
8
501846
7
8
6
5
4
6
8
7
6
42761
9
6
11
7
3
6
3
10069447
7
9
5
13
14
6
3
5
7
4
3
3
3
18074348
11
7
10
7
5
33566375
8
4
16
19432
3
10
8
11
5
3
40171647
15
3
17
12
3
5
3
4
5
11
13
3
4
12
5
6
5
9
8
7
15
9038070
11
4
104500058
9
3
11
58965923
7
4
3
3
4
4
12
14
20836580
5
49632072
3
3
10
9
4
5
3
5
18051853
9
10
38449898
4
9
5
12
4
3
57018
11
8
5
15
9
7
15
5
56592
5
5
7
6
10
7
37801665
4
132122471
6
8
9
7
9
6624
7
11
189702110
3
15953913
10
7
13
7
10
14
21790615
56209490
7
6
11
81
7
11
3
860093
3
6
4
7
5
4
13
8
7
3
8
10
13
37561806
4
444255
9
27116268
7
4
11
12
5
12
7210296
10
3
3
4
5
161385366
4
9
6
6
126574373
7
4
7
15
7
11
6
11
4
91903187
7265606
41856689
5
7
3
991874
3
14
6
7
60813326
12
11
5
8
6
6
5
15
4
7
11
4
3
6
8
14
6
6
3
558628
11
12
8
13
5
3
6
9
11
3
3
10
3
17
10
5
9
9
10
4
11298510
11603975
92615692
381703
5
4
8
6
6
10
5
41776477
3
186754
15
425
8
3
10
8
7
79056654
72931739
10
3
21973144
5
4
7
6
13
14
11
7
5
21
27165894
5
11
3
3
4
7
21973144
4
37913650
11
3
5
5
8
9
8
6
4
6
8
3
8
4
17849
13
49126732
7
5
14
5
5
5
10
6
5
15
3
11
11
9
15
4
7
38332903
8
24922642
10
42363433
12
3
5
5
6
67904373
8
4
3
4
15
7
11
6
5
9
7
11
13330
4
33445988
6
3
9
10
49617102
6
5
6
8
7
4
8
16
8
6
8
4
3
149192
5
14
10
16
3
9
4
5
13
9
4
15
6
7
10
5
9
18
4
103108093
4
16
6
16
11
6
15
6
6
10
5
5
10458580
89810827
64471
11
538614
9
7
8
11
3
5
40174643
12
9
7
6
4
10
6
17
9701954
4
3
6
24201
8
14
8
16
11
10
4
3
6
8
3
8
10
15
11
15
14
8
5
12
9
9
5
13
9
405948
11
5886714
5
5
7
9
4
8
4
11
7
4418162
15
8
7180665
9
10
41884521
9
9
8
8
38963963
7873219
17
5
9
5
10
8
6
3
16
1275143
3
12
15
5
7
8
5
41855433
4
15
10
4
12
8
7
12
8
5
3
12
9854846
8
10
12
8
9
13
12
16022661
8
12
3
21
7
3
5
10
3
42250239
4824
14
15
12
7
13
5
10
8
49605124
20
5
6
32305158
5
7
3
10
20
5
3
5
11
9
7
8
12
10
13
6
10
9
82399756
49090028
3
5
7
8
10
4
7
9
13
7
5546696
12
12
4
8
9
11
6
15
3
9
4
7
16
41873274
6
6
9
33451
7
8
11
13
9
7
7
512667
13
10
3
8
8
4
6
1782
4
9
7
17
3
10
5
5
15
10
6
9
3
14
6
6
11
6
6865982
16
11
15
4
4
7
3
5
16
4
4
15
10
69953448
21973147
10
8
7
10992289
13
3
21850996
3
12
18
7
40740017
11
10
9
6
12
12
47958904
4
6
3
7
5
13
6
3
3
11
15
11
13
4
8
4
11172476
9
11
11
13
5
11
7
3
5
9
7
9
7
6
3
4
11163693
10
3
3
7
13
9
4
3
8
3
11164
13
4
7
8
3
4
5
16
6
4
62906
3
12
131788131
8
14
69805
6
6
21973144
3
3
8
6
31036199
6
7
19517320
7
18
7
50057776
3
14
7839
16
348205
67851477
4
8
8
15
13
3
11
4
8
9
12
16
19
110065130
3
4
5
3
31157787
11
11
11
38363754
178870561
7
4
8
6
6
3
4822
5
18481323
11278698
12
5
18276625
8
5
11946
13
15
3
934137
210128
4474
13
4
14
9
18074523
3
8
12
3
8
10
13
7
11
6
4
8
52629332
3
567659
17
5
132837911
10
16244070
10
3
7
7774349
1590
56712817
13
14
40169274
11
5
22
8
76412467
7
3
13
13
279500
557892
5
8
11315558
7
9
16
4
9
35096
3
6
4
8
387733
6
10883
5
6
15
4908
11
3
3
3
7
11
8
12
5
7288173
7
6
14
11
12
12
6
73653
9
12
5
474
3
12
10
82363781
12
6
9
7226317
223
24050204
922283
5
6
69946406
11
19
3
4
3
3
5
13
93469370
8891
7
7
5
9
9
17
4
11
8
15
3
3
15
102618
23454861
10691775
58000
3
14901
10033
5
9
89832194
5
12
9
4
5
31059900
16
4
5
5
5
13
4
11278731
4
7
8
4
11
4
29124909
8
4
5
7
36
89683755
9
37349
6
3
86277298
6
32751
5
7
4
49636167
27401
15
3
3623
3
5
10
38404120
7137
11
3
5
93469370
9
6331135
4
3
361348
3
52609
15
6
4
31245
5
3
4
4
10
10
4
5
10
4
11
182563
89
3708720
4
8
133325006
3
10
13
5
4
6
7
7
4
4
35563204
40174293
9
7
11
4
9
3
7
16
6
3
7
9
3
5
18
3
10
7
143
14
3
17
4364
15
5
4
50203
7
1526
8
8
11
3
14
17
5
1073781
5
7
9
6
6
9
3
66128037
7
11
12
246147
8
8
7
103879514
13
18
8
12
8
3
3
12
12
12
5
4
5
40742894
4
9
11818145
9
9
10
5
7
5
27078112
3
6
6
12
9
3
3
4
11
4
15
109197183
3
10
49074988
3
11
516070
9
13
24737817
3
10879627
5
35408413
14
8
10823108
7
10
11
8
4
7
10
3
73357029
3
6
15
3
5
56016
7
3
7
13
10
5
38801
10
5
4
5
9
7
8
13
14
3
5
11
4
10
8
183385
11028822
5
9
20797
12
9
7
7
10
221612012
9
3
8
4
4465681
3
12
5
3
6
3
8
6068374
3
3
13
15
4
14
9
60012
28760
9
5
11
7
8
3
6
15
5
11
8
3
6
86907016
8
9
4
3
3
3
8
11
57934
49599718
8
8
12
5
64036260
10
7
9
11
4820
3
3
5
11
14
13
4
37152720
8
9
3
85483483
3
15
4
11
7
182232593
6
5
8
6
45267936
3916393
14
9
5
4
115942
8
10
9
3
11
4
11
13
9
13
12
11
7
11
14
3
3
10
15
3
6
12
5
7225833
7
7255963
69888354
17
9
10
9
4
5156
9
4
5
5
11123011
9
1437
9
6
15
7
14
9
14
106977923
3
4
9
7
4
41911324
4
6
12
4
8
8
14
6
4
7
6
3
10850270
11
11
6
7690402
3
10
11312961
5
49122853
12
133567590
5
8
4
9
19919586
5
7
49658211
3
4
3
11
4
14
11
4
4
31206477
8
7
3
3
13
10
11
13
12
11
9
4
3
3
5
41852181
11
12
11
18
4
3
9
7
3
5
9
5
4
6
6
4
3
11
4
12
3105385
6
3
5
11
6
3
3
6
11
10
3
6
12
16
4
4
10
7
5987
9021
5
14
5
7
5
5
7
8
7
8
3
7232239
8
3996366
3
41899964
6231
16
31033988
11
4
6
6
19905464
7
14
13
6
10
3
3
8
19899736
3
9
8
3
14
7380
4
8
79156186
41856357
5
11
136630512
3
37899644
6
41527015
9
8
15
14
15
509274
3
5
11
18516
10739430
14
6
11
11
7
3
9
7
5
4
6
10
10
11
10
3
37579
3
3
3
5
7751840
9
34417
3
6
4
9
7
413691
8853
11
13
9
14
3
44347185
6
4814
15
12
12
3
9
93469267
10
57167
89124441
9
3
10
7
7
3
9
5
5
8
5
593308
101708
7
9
16
19922762
3
6
5
5
57478841
3
15
11
4
3
8
14
7
418
27677578
6
3
3
4
7
6
38395608
11
6
7
14
8
13
4
9
18
3
3
3
26409
6
16
506610
3
14
15
3
4
4
9
16
3
10
13
4910
60875034
7085
4
7
7
85025783
7
13
9
12
12
9
7
5
3
13
5
5
7
15
8
11
8
12
12
7
4
10550117
4
13
10
14
7
5
7
16
11
49099835
13
12
11
4
13
3
5
4
11803599
9
14
9
12
10927246
64317729
3
11
4
9
3
13
3
11
8
14703483
7
10
9
14
7
12
43870597
14
4
59597
11
34276918
3
7279128
4
3
8
3
4
5
15
7
15
5
14
3
9
21973147
3
3
8
11
39334166
51105287
13
11
13
3
4
9
11
7
10
5
6
10
10
9
14
19
7
425
7
3
4
15
6
9094894
11
7
3
5
11
8
4
4
7
5
3
3
5
18
15
4
11
7
5987
14
108954512
5
6
7
3
7
7216735
12
3
4
9
10
13306
5
3
108730046
562427
12
14
8
21
5
86391679
16546
9
3
141095
19140175
13
40715959
5
3
53723806
5
12219
12
4
11
17926390
55027486
43238555
6
5
12
4
6
13
3
16
8
3
10
4
10
14
4
2012503
14
14
5
11
3
15
3
49117074
13172
15
10
8
10
92434
9
5
47324162
8
9
4
7
11
7
7
10905489
5
21973147
6
4
3
49658200
10
9
13
15
7
3
3
7
5
14
15
6
4
4
3
6
20594417
1251
6
10
13
632
5
11
7249695
6976
8
11
14
6
7215292
10
3
9
4
49129705
17
4
4
13
4984
13
41899958
10
11
6
47948612
35958380
7
5
8
5
4
10
11
10
8
11
3
19171
25522981
41876243
3
10
4
18
4
4
4
113237
41868384
4
10134154
4
16
3
3
6
4
7
13
66747
40744975
3
4
3
5
10
24207
8
9
3
4
13
4
20
4
8
57882510
15
7
3
1959524
9
15
4
4
4
3
3
552544
14
10
9
3
8
5
7
7940063
15
38977325
5
22
5
3
5
18052454
21
15
3
10
7
4
38706236
49359192
11
10787281
11
9
9
103361
820
59644
11
21951531
10
20007
7198263
6
6
7
6
89809382
19
13
3
11
7238927
9
41856689
6
7
3
11
4
3
15
7
4
4
4
3
11
15
5
12
4
9
8
6
5
9
10
7
10
14
5
3
7
9
5
11
10
45230846
7
9
11
10
20
13
17796880
4
8
7
6
10
8
6
3
7
11
58370262
3
12
3182
19864819
28450790
14
6
28562449
59669550
20
15
18
3
7
9
76902780
9
5
4
15034286
7240564
12
7
7
11238289
15
15
6
51066438
9
4
11
14
11
7
6
4
6
13
11803602
504127
9
7
8
25441
4
9
25520734
49433406
59346454
21
2924
6
14
9
110232929
6
10
3
6776
10
12
13
10
7
4
7
20
4
58619836
3
9
5
9
5
6
4435
7
9
11
5
50229798
5
4
5
6
5
13
7
16
8
7
3
14
9
26832881
7
5
7
3
3
5
9
5
7
9
4
12
4
3
3
3
14
76255
4
7
11226381
9
49579751
3
5
13
9
15
5
34876416
13
8
4
3
101134723
4
5
5
5
9
12830
12
12238
6
7
4
6
4
5
11
21
3
3
4
3
3
4
3
3054
4
12
19
4
7
8037
10
4
18612806
3
9
9
12
6
13
3
16
196802395
12
12
7
7
21973147
8
504127
179611
17
15
5
9
3
6
6
7
41172793
11
4
7
9
7261300
8
52136
3
21966903
3
5
30673616
6
5
8
11
11
9
86778995
815740
3
78107190
5
4
23981
6235
8
54286038
8
8
34654845
44004
113739552
16
8
4
4
425
7
3
14
14
13
8
3
9
7
22
6
229191
14
12009
15
5
29033
23100
25782971
45202267
431
7
3
8
7264979
9
8
74574618
7
3
7
7779072
7
5
7
8
7
14
5
2256
3
15
10
8
11
4
11
3
14
3
3
11
9
4
9
9
5
15
7
6
13
7882
5
4
5
5
8
1
6
13
12
7
3
6
3
5
5
13
8
4
5
11
9
7
3
16
9
4
5
10
13
7
8
14
382846
5
21
6
11
16
4
229412
3
17
7
49709262
7
10
3
7
4
3
6
3
9
9
21973147
3
13
4
15
14
6
16
8
105270315
3
9
3
4
8
12
5
13
7221214
11
11211775
6
5
41856352
9
4
1158429
8
7
11
3
3
7
15
13
9
4
8
13
3
9
13
4
5
24897469
17
5
13
4
10
8
4
8
3
7
101125623
4
3
6
4
5
11
7
41855372
7
8
10
7
70008
5
10
36334004
3
5
8
11
4
3367873
4
9
7
7
4
12
5
8
49016604
4
4837
5
9
3
12
51217549
3
5
5
3
10
12
7
14
11
10
14
8
10
49641149
3
49109440
15
9
8
8
6
7
5
427
751191
10
16
6
10
5
8
10
11
7727789
11
13
49649199
3
89622426
5
6
7
3
3
15
4
18047241
11
4
12
16
9
4
5
12
9
8
8
7
6
15
11
555059
9
11
4824
9
5
8
3
6
4
8
63843
4
6
41389
4
3
7
8
7
18236
5
8
9
26762
10
4
3
9
6
7
10804307
8
7
6
10
14
5
9
3
16
8
3
14
5
9
6
11
5
7
9
3
16
19810
4
7
3
56825822
5
49149650
44080852
7
16
9
4
5
7
5
3
7
8
6
5
49648787
3
9
11
4
5
35495
11915
13
9
12
4
3
4
12
21978648
15
4
12
3
13
7
5
1057844
82449
6
6
15
4
7
4
3
7
4
40728584
11
4
8172
9
18605922
3
12
133801519
7
10
3
4
5
10
13
11
9
15
5
11
6
11
9
6
4
8
5
56767996
6
4813
9
7
21746740
55007789
13
4
6
6
6
7
7
12714
13136
6
5
501472
3022
12724
16
6
5
73027375
13
4
6
5
4
27670745
6
7
12
11
8
5
14
10
624318
3
8
7
15
3
11
14
10
11
4
3
2484
24
7
4
6
18
4
4
4
134911755
44431920
9
6
9
11
5
9
7
4
10
5
6
5
6
5
4
11
7
5
6
11
3
4
3
4256673
5
11
5
7
5
8
6
8
18612821
3
7
7
12515634
6
10
3
21
49772398
1490
3
6
15
6
7
1575
11
11
41856356
9
98164352
10
3
13
73089122
13941
87
39796504
19
14
7
7
3
13
13
5
15
9
45620
8
3
4146021
4
3
3
7769932
9
4
4
9
10
6
5
5240502
10
3
3
4
56412338
7
8
19969
11
7433
5
11
8
5
6
4
5
40739559
6
8
9
11816562
5
7
7
5
10
5
10
11
4
8
8
7
9
16
9
4
5
15
4
7
5
4
9
7
9
7
8
7
6
5
210879892
8
9
15239
5
3
4
69142281
3
10
6
7
8
8
5
3
10828029
3
3
12060
16
8
10
6
9
4
7
8
7
3
17
14
6
7
3
1574
5
4
9
8
3
37798483
3
865
3
6
7784558
548852
6
49009918
12
3
9
13
18091929
93468847
9
6
46902734
3
6
7774401
51
7
87937280
8
5
3
8
3
7229246
4
11208706
15
9
101708
6
9
6
4
3
4
165830828
9
7
7
10
12
3
5
12
12
5
7
504128
12
5
15
56742343
10
7
12
3
7
2553207
7
21
11
6
7817799
14
8
2948081
3
6
5
5
14
5
10
11
12
15
15
11
7
9
16
158624260
6
491
14
6
16038769
3
4
47980308
15
3
3
824
8
8
13
10
8
5
12
10
4
10
7
10
9
40725539
6
3
17
7
8
8
8
3
38666289
5
13
4
7
5
3
11
6
15
13
8
10612637
8
4
12
129870649
4
9
9
5
74566
4
5
17
3
163
6
98655344
10
9
13
13
170563
13
3
51079
5
8
7
13864661
16
10
28288554
9
35722
5
12
11
7
52940516
5
13
10
4
154564
5
7
14
6
5506
7
9
6
6
9
9
14
16
12
7
6
11
13
8
6
9
3
6
7220303
7
8
10
11
21
12
6
5
6
8
5
5
8
49143635
5
9
3
3
11
9
14
2365849
16
5
6
3
7
8
5
6
9
7
4
7
8
9
10
10
10
99182000
12
7
10
13
483655
12
3
5
18130782
5
4
34638392
3
6
4
9
36223091
6
8
14
5
4
6
11
6
7
5
6872
6
7
5
16
11
3
10
11806118
59345560
13
550211
5
10
7
4
13
2273
11
3
11
86775099
7
8
5
6
12
492192
119658205
7
7
544058
14
10
49132509
5
3
13
7
12
49635114
5
10
3
12
6
9
5
3
17
41855453
5
6
7
12
10
11257821
5
9
7
12
3
49090034
4
36401194
11
6
5
41832322
13
9
7
5
11
5
14
7926
4
15
49095757
3
13
11
10
16
10
5
3
3
8
11
6
13
3
9
11
7
3
13
8
38404553
3
4
6
59589
4
11
13
13
5
10
11
49635411
6
94287
13
3
1050997
17
11
6
8
3
50426127
15
3
9
7
3
6
6
3
83081038
5
41651136
4
8
5
4
5
11
7806493
4
6
15
57443
5
49051803
14
8
6250168
9
10
5
7
7
72899707
5
5
339300
5
7
38085735
5
7
3
4
5
14
16
6
9
10
7
6
17308218
6
6
12
14
11
11
9
5
5
7
5
9
30255215
13
10590132
9
10
8
5
10
4
6619987
4
3
10
5
9
10
994790
504127
5
13
11
8
4
6
5
8
28560213
12
3
16
93468971
16
7249695
8
4
9
4
24217
7
14
10846848
5
14
17
9
3
4
12
3
4
7767218
9
12
4
7
3
3
7
11822676
8
7
10
23424223
7
32768966
126462130
9
5
135518
9
4
6
59562
17
5
7
3
10
4
7074
38331174
15
3
6
3
11
27748345
7
5
55
10
7
17
4
9
7
49612362
8
4
5
10
11
7
378365
6
6
150365
6
11
5
9
4
12
16323652
15
7
15
1636835
9
8
8
7
5
5
30217
5
8
65635291
59596
19
3
9
14
3
6
11
8
5
41868388
10
5
4
14
8
13
7
10
78766155
7
11
7
6
4
18
5
3
16
5
3
5
10
5
5
16
6
50231067
10
10
10
41853756
6
6
11
7
11
27399
10
125798
18034330
14233
10
89318049
5
9
134915423
12
11
9600
5
16674173
5
6
10
6
9
13
3
6632
27664100
8
3
13
8
13
21973139
4
6
4
11
43953
93469370
5
19
3
12
6
4
4
3
5
8
7
8
15
58896899
9
3
15
12
5
78540539
625170
14
11
5
12
8
4
11
3
10
3
6
14768080
381179
7
5
51106467
10
4
8
14
9
14
8
260
3
16
6
6
11
114347
11
9
8
5
16860884
3
9
41856349
5
93470310
387711
5
6
13
15
4
12
10725958
4
93467917
7
4
9
8
6
3
8
9
6
15
3
6
5
5
99579087
6
3
7
11
13
3042970
6
5
8
77692640
11
6
6
16
9
15
10
6
12
8
5
11795057
147364850
3
78135378
5
5
5
3
6
10
7
16
5
3
7690840
10
10
18701
3
5
5
93469370
6
6
10
12
8
14
14
3584
9
17
533877
3
17
7
12
3
4
16
49121
16
5
9
6
6
8
3
8
11
10
37913214
4
11
6
339812
18
5
14
4
11
6
5
4
9
10
7
6
56359
52905100
7
6
3
5
19
136571554
8
6
11810635
15
10
8
49708285
5
6
3
8
8
3
11
16
6
4
7220337
9
4
10
46233133
12
7
9
4
4064
7
9
12
5
41856358
5
19448079
7
4
13
2332
509967
7
3
6
5
7
11
3
13
49664209
13
5
3
4
6
689238
16
10
9
8
40775264
9
180951
35083642
2453187
10
10
3
7766612
7
5
7
7
9
14
13
4
9029
11
6
9
9
10
3
15
6
10
13
6
4
9
7
3
54946
15
8
3
10
6
13
41899958
8
13
9
9
12
12
27125158
16
12
49027596
4
86208391
9
9
49659930
10
11
8945
14
9
16
3
5
6
5
13
6
810070
9
5
19
5
5
85804
13
11
13
5
13
8
10
4
12
4
8
16
11
8
10
8
3
5
3
11
5
5
1293
53
7
5
4
5
3
5
12
9
3
6
3
5
11
16
14
14
10
14
5
14
7
9
13
15
3
3
15
4
5
13
16
9
4
13
5
86339015
11
5
13
5
3
15
11130458
4
3
4
9
10
13
15
3
7
47394848
12
5
14
5
12
4
39850
3
4
1305527
4
7
14
12
13
8
4
14
55
8
5
37811715
4
18
6
6
8903
8
3
3
11
20
7
5
4430290
4
10
4
5
3261501
8
12016977
9
3
16
7
7
14
5
6
6
15
3
7
4
10814743
6
4
12
8
9
8
11806118
12
38220201
2422
11
6
557884
7
6
998
8
6
1777
9
7
11
13
5
3
7
10746344
17
11
6
387712
8
16
7
5
8
8
7
4
7
4
9
10
96915
11
4
14
7
7
6
9
5
8
11264110
3
3
4
10
4
6
5
4
10
5
9
23986721
6
17897444
7
59011
11
20
1481597
4
5
11
4
4
8
3
5
3
3
4
7
3
11
4
93469370
4
14
12
11
12
3
14
12
12
30556824
7
16447842
8
15
30187889
5
4
14
6
13
3
5
10
3
6
3
11
5
6
4
19
8
7
13
15
3
9
3
6
10
7
7
8
4
3
430
84620
15
6
8
41431286
5
59596
10
8
15
4
10
12
5
16
7
10
6
7
9
7
6
10
4
56763020
9
1861
12
15
8
10
85996
13
8
3080
11220146
10
6
37801854
13
3
5
4
3
3911
4
5
10
25
10245058
6
11
7
16
7
9
15
5
7
16
15
30174666
5
14
76769179
7
13
5
11
8
5
63237
3357
8
13
16
8
12
47958898
9
10
5
10
10
7
17847
12
10
5
10
6
33
6
4
7
6
5
6
504709
10
12
9
10
12
3
4
7
3
5
19
7
7775308
10
7774080
7
1210
10
4
14
8
7
16
8
6
7
9
21966898
4
5
5
4
10495785
3404
6
11
13
7
10
10
6
4
5
7
10
9
9
15
3
17
26798634
3
3
51894
5
8
78531318
13
5
6
7
13
148898319
8
10
10
11
6
18854
41856301
4
14
10
19244
11
14
3
11
9
40166864
8
3
7
48628400
3
8
12
5
6
3
6
4
4
5
5
15
4
30576294
31197
12
9
57826693
8
21532261
93469267
5
13
5
3
9
3
3
9
3
6
8
15
8
5
53524579
4
43238821
14
12
4
6
13
3
14
4859
15
11
3
35
8
49632693
11
5
3
9
7
11
49706283
12
3
7
16
7
5
4
13
11
7
5
37911042
3
14
83857
13
45022427
3
4
9
24196
5
7
5
3
3
10
6
3
9
3
38279756
176936222
5
8
3
3
12
11869748
64470
118350374
12
59532330
10
6
6
3
3
7392
93467906
7
4
38273245
3
3
21834002
8
185503946
109152
3
10
3
4155
5
6
11
3
4
31248738
9
8
11
3
5
9
52229
1640223
10
5
108689512
5
3
9
3
3
41808314
188
15788518
6
11
12
5
3
40738954
7
13
11
5
3
12
16
4
10
12
96611
6
9
6
7
18
6
11802293
13
38051786
6
6
5967994
10
4
201677
7
11
6
3
5
5
832301
7
5
13
9
6
16
9
11
5
10
13
5
8
8
4
11
10
3
5
10
6
4
10
10
5
7
15
3
6
10
4
11
3
7
10
3
10
13
7
2632
10
17
3
7
12
12
9
13
10
9
184367
6
56979027
6
9
3
6
7
7
7
4
6
7
10
6
9
13
4
6
4
5
7
6
5
7
16
9
9
7
254599
4
9
11
11
7
14
11
11
5
6
3
10
6
6
12
9
9
7
9
10
8
4
8
3
10
7
10
15
9
12
3
3
7
9
3
6
16
12
8
15
8
9
231996402
4
4
6
6
15
38051780
5
18
19922762
40660609
15
10
7
9
9
5
4
13
9
7
5
6
13
10
7
9
9
11
15
11
9
3
14
12
6
9
3
12
4
9
18
7
9
4
4
3
15
7
11
8
9
7
11
4
3
4
6
3
4
5
10
6
5
4
10
7
7
3
10
10
24473
3
3
13
5
6
11
4
11
9
3
7
9
5
10
3
12
11
12
3
15
7
4
15
9
13
11
11
11
3
10
8
9
14
3
15
6
6
16
7
3
12
10
9
10
1704030
14
3
15
3
8
4
9
4818
3
7
4
10
689385
9
12
12
13
7
9
6
3
3
8
5
11
6
4
536218
5
9
7
4
5
9
4
5
3
13
4
575380
8
14
6
4
7
8
3
7
18
9
7
4
46258015
3
6
15
7
5
3
7
33490987
6
7
7
9
3
9
16
9
5
7
5
8
15
9
8
12
5
6
12
6
10
13
6
4
7
5
9
13
9
5
9
3
10
3
9
4
4
4
6
7
7
5
4
9
12
13
5
6
8
8
56678
4
59345535
9
47304192
7199568
3
27126063
11
3
5
22
11
7
9
3
5
8
4788
4
9
15
112610705
14014
275
10998027
9
15
257305
21973139
4
8
4
7690420
8
9
4
7
31219501
5
4
1601
3
13
5
3
14
14
4373595
12
5
5
3
6
10680061
3
6
37878258
15
10
82036025
7231452
27667179
231101122
34457
13
6
37660174
303751
5
6
2610
25335239
6
9
3
19
9
11
12
3
8
12
59439
8
18074354
15
56708045
3
7782347
120721903
10
7
4
9
7
4
3
14
4
5
9
6
3
11
46549335
10
13
4321180
8
11
12
6
7
9
4
11
89812564
4
67693636
15
5
210334
15
7
15
41856359
6
6
9
5
11
3
11
6
17
10
5
3
16
74920651
16
8
8
15
7
15
5
14
40
6
7274508
12
404686
5
5
12
3
9787602
7
8
10
7143
18
9
4
93470353
4
6
4
47481480
18
4
63957312
5
6
32008190
152
11
41881055
7
61492162
5
10
6
9
38297536
11
3
4
3
4
9
3
9
3
41885841
10
3
9
9
5
33939098
3
3
5
19
5
5
12
12
127121795
100365
6
6
4
425
91816179
8
9
89827201
7
7
7260221
13
8
4
85617999
6
4
3
14
3
3
13
6
5
6
50230341
7
10
8
8
7
6
3
3
4
11
14
6
16
7
14
12
5
17
3
11674677
18603450
3
11230546
11
3
14
8222108
3
4
7278455
9764292
3
49645345
12
4
11
7
4
3
9
7242168
94435472
3
847
6
9
11
7
6
15
14
7
3
11
4
6
4
7
15
3
5
21887173
57176
8
5
6
3
12
19662741
7
3
5
8
3
7
5
4
6
16118295
4
11
10
6672
4
8
3
7754855
13
8
15
8
8
5
6
12
11
12
5
15
11
41832131
17
1222598
4
3
67344880
4
9
27132789
5
5
6
5
3
5
4
3
6
8
8
11
9
5
5553
5
4
5
11
9
7
10
3
5
16
7
69135751
5
9
4859
6
536262
9
50147618
11246335
1178597
4
6
3
7
3
11
5
9
7
3
76576759
6
10
13
24205
17
9
9
14
7
3
14
10
3
13
5
6
8
3
5
4
4
6
10
5
9
12
8
3
14
16
5
11
9
7
9
8
3
14
3
3
9
7
18713260
8
11
3
4
12
4
5
3
4
5
8
97615552
47976579
14
11
3
7
9
21953006
9
15
7
13
9
4
3
8
9
6
8
5
14
6
30590423
3
260708
6
3
13
7
93467916
9
5
5
160
13
5
7
15
6
3
8
6
14
5
5
5
12
7
5
67300608
8
7
4
3
7
8
15
11818152
18470218
3
49626303
8
53797529
5
11
15
5
11
7
9
5
21975216
12
20
93469249
4
13
4
13
6
11
6
3
13
7
4
13
3
10
3
3
206153
16
4
89742479
6
4
9
183133
5
4
5
9
4
9
8
3
12
4
6
127013
6
11
4
41864791
7
13
4
10
10814871
4
7
6
4
16
10042
4
5
6
7
112816
3
8
10
7
14
5
9
8
15
3
11
8493
5
7
10
11
7225619
45796166
2148737
84
7
3
5
14
13
5
21
10
15285304
4
3
16
13
35201500
3
8
8
4
6
37844696
3
13
12
11
10066709
8
4
9
41782442
7
14811661
3
15
9
8
31092242
5
3
6
6
3
6
12
5
38941121
11
5
9
9
23298
7
9
11
4
11
4
7
14
40726879
5
15
3404663
132342658
7816481
1080
3
7
6
9
7
13
5
7
3
5
3
10
5
1528362
12
8
8
9
18
16
6
5
41900503
8
5
11
22
12
6
15
8
10
3
11
3
3
7
21902816
12
8
6
9
106557
12
9
809639
5
6
10
4
3
3
10
14
8
5
4
12
4
14
4
3
3
13
5
7
10
9
10
21966917
5423
3
6
3
5
6
7204870
6
7481089
1581
4895
11
35427
7
7
5
10
10
15
3
7
9
5
6
4
10
7
5
49178869
7
3
3
16
8
5
5
40725534
4
7257775
14
5
12
9
4
5
3
6
14
9
5
6
14
3
5
8
3
10
5
19
16155
3
15
3
6
7
38678393
9
9
7
19065515
14
8
3
23833071
7
15
7
18
9
41856356
7
5
14
10
3
3
9
15
57968839
3
11
3
8
8
7
3
5
4
27116286
10
4
5
15
215766
4
5
9
5
4
4
4
3
6
41889345
7718864
13
3
7
3
6
10
504127
7
5
6
7
5
9
13
10
13
18
14
4
9
14
3
9
3
6
14
6
3
47951609
9
7
3
10
9194
4
8
10
8
8
16
9
5
10
7
15
4
4
49578502
5
8173932
8
11
11
8
10
4
6
8
14
43153001
10
8
8
3
17
3
10
8
4989960
26723571
4
6
10
7
18
3
5
10
73830897
59595
3
3
6
41899961
63052347
29686920
12
9
8
4
5
10
19519484
9
4
2985
6
8
9
7
6
6
5
18
7
10
12
5
9
6
6
10
6
4
10
6
10
6
28
9
9
11
13
3
8
8
7886720
9
4
5
5
21996
4
14
12
3
6
7
3
246794
3
5
3
8897
11
15
13
8405
5
10
14
7
9
7
6
11
7
6
127712992
5
15
6
3
56997322
9
9
11
4
11
12
52515
18
17
4
8
4496
75048
9
5
47927476
3
7
9
6
8
82169985
7
4
9
5
13
5
10851644
9
3
18581168
3
9
12
7245031
8
5
9
11
6
7
7
8037
8
15
5
9
3
3
41675413
271377
5
7
18481464
41881429
7
3
9
6
11
10
7
11
16
4
13161
16
49302891
3
7
6
35336503
5
5
112261
4
6
5
15
4
20397177
3
7
57315835
5
14
10
13
104447718
3
7
11
5
19
4
960
7
15
7
15
5
13
10434188
89807381
6
4
49466800
510785
7
7
11272243
6
509433
13
11
5
9
3
8
855
5
3
5
4785
47945249
4
6
8
12279205
46729085
5
41899958
11
28779
6
11
8
3
8
6
7185
8
10
3
3
84586304
17988
6
85563894
93652
10
8
6
12
10
4
47958900
15
6
5
90921330
5
6
7
10
49132516
6
1784182
6
13
4
5
7
4
9
51157
6
14
18
5
6
130632442
6
8
55711317
10
5
5
10
24214
17
3
92049962
18
8
7
9
3
442
4
9
5
8
31048717
3
1989389
6
45094698
13
5
25659145
15
14
3
15
170678227
6
11
6
3
20
6
54773
14
8
3
7274230
5
9
5
9681655
10
4
86822591
46607378
3
5
8
5
179555197
6
5
4
10
3
10
4
10635986
7
13
9
7
3
5
8
17
18
4
3
9
3
6
8
3
16
8
6
6
5
5
4810
10
5
11
49632427
3
12
12
12
17
101150940
7774082
4
5
4
10
4
10
3
9
7
6
5
16
18
18585809
49632070
4
7
7
7
7
9
12
7
9
3
10
1805733
12
8
6
3
3
3
8
10
6
5
3
69047743
3
9
3
7
18
3
8
8
10
11
10
11
3
7
11
9130
19
3
10
9
7
3
78222840
12
6
25567514
6
11
6
7
76844926
12
12
4
3
13
4
13
49095834
13
132503574
3
4
21973147
28354
6
3
3
4
6
15
155
5
8
58973521
7
13
165331
2176
7
6
3
55425655
11
12
7198737
3
3
3
6
17
13
3
5
10
9
13
4
3
4
17
11
10
6
6
3
12
7
6
12
7
12
3
101192
5
14
5
7
3
12
4907098
11
7261560
11
6
7
3
3
8
9
11
6
4
32659884
13
5
6
8
5
14
5
7
54950
169476985
12
3
5
5
4
14
51105824
5
5
7
27650432
4
368
5
6
6
9
13
3
7
7940064
3
11
5
7
38431515
4
3
3
13
8
4
10
4
6
17
6
6543858
82046422
10049
13
6
16
7235737
7
21
14
9
10
6
12
7
14
5
7
5
15
41831969
12
3
5
3
49806227
6
13
60012
10883907
12
6
3
7198260
12
3002
5
5
31052595
5
5
7
8
201033
7
6
7
6645124
6090405
11
17
12
7
11
9
7
6
15
60012
7
16
5
5
12
11
11
12
10
14
3
15
16
508635
6218529
12
27401
7940064
8
9
3
4
1601
5
3
16
4
23313
3
6
35914611
9
13915
3
15
10
5
9
10
3
10
4
3
4
3
5
4
4
101432963
11
8
50412244
12
8
12
6
3
7
12
10
19
12
4
10
3
8
4
3
6
3
15
3
4
11
3
3
6
9765
3
6
13
8
4
7
14
5
5
9
8
5
15
49129952
7
49095868
12
10
9
4
3
9
15
14
13
8
6
536126
9
12164447
7
5
7
7
7
14
7
6
12
10
9
9
6
10
7
7
13
4
5
5
5
8
11803596
6
15
11
21813426
15
4
49510261
3
8
12
8
3
10
47194022
12
435
43319137
82017
17066801
3
10
4946
4
14
8
13
3
6
3
5
3
13
105723221
13
4
7
17
7
14
10
13
9
3
5
7
6
3
7
9
13
5
9
13
4
3
49628118
77155783
5
8
12
13
4
11
12
9
27166460
49125470
3
7
9
40173100
9
7
16
6
3
7943168
4
1041261
333423
59593
7
7
7
3
15
16059607
11
10
33004
10
13
7231919
75995886
3
4
3
17
4
89803215
3
10530
1436
5
12
4
11
8
10
5
15
3
3
75796268
11
4
13
7
4
5
9
10
406460
3
10
7
17
15
15767237
6
20
4
5
13
6
8
14
8
5
5
3
38303957
3
7
3
24
11
17
3
6
9
7
9
7
11
10
9
5
11
4
16
12
533203
9
41849039
934387
3
3
3
8905023
51215984
30250449
8
8
15
16
11227294
69237188
5
9
21
9
14
2621748
9
9
7
244
10
5
8
8
7
5
4
3
39040027
6
5
8
7
6
3
6
9
3
9
4
10
3
3
7
9
13
41234
10
3
9
11
6
14
5
9
6
4
4
7
4
10
8
12
15
4
9
4
8
3
18
6
6
11
3
5
5
10
4
5
6
7
4
7
5
4
7
7
4
7
6
7
11258857
9
5
5
13
5
8
9
7
5
4
5
14
7
3
3
16
49048083
9
7
15
7
5
7
141215
6
3
11
5
3
7
15
11
5
10
7
3
11
10
8
8
11
11
7
4418063
34485194
44077022
9
15
60084179
15
4
4
6
83680
6
6
3
10
3
7
9
3
9
6
3
3
39077054
8
10
11
4
75668337
13
5
6
12
7772504
10
11
9
8
6
6
5
6
10
7291752
10
4814
7
4
18189991
10872025
13
5
12
5
3
11
8
8
12
7
7
5
11
10
7
10
4
7
11
15
4
5
13
5
6
5
7
13
13
3
4
3
7
11
9
11
3
119488084
3
21902706
11
11
23186
1480777
31211319
8
139738048
4
7
14
5
11
8
11
11
15
3
4
4
3
3
28308762
86748561
12
8
11
3
3
6
9
8
10
14
7
4822
1003503
6
12
10
3
6
6
9
50238906
8
4
4
13
5
16
6
3
60172
3
14
19
40744229
15
137136
3
7
4
9
3
11
3
11
5
6
11
7
3
5
6
13
3
5
6
10
6
10
5
11
6
496579
4
5
9
4
11
13
14
5
9
10
11
2985
4
27692405
10664984
3
4
8
49094528
5
8
5
13
3
17950598
3
3
6
579577
5
2734554
4
3
3
3
9
7
3
8
6
3
9
6
8
11
7
5
6
3
5
3
5
9
11
5
7
6
5
8
8
3
3
5
13853449
11815837
14
9
21966920
3
13
127495
505189
5
40540
3
28354
9
10
3
5156
9
6
63513333
6
15
9
11
5
11
93468928
548899
5
15
3
8
7190321
8
3
3
10
7
12
4808
4
6
5
43241226
17
4
4
4
3
7
10
10
4
16
8
7198263
10140400
5
7
14
11
3
7
14
7
12
9
10
3
8
39258
4
15
7
18606225
6
3
9
10
8
5
3
8
94178
4
12
7
20933
10
7
8
8
41833
11
13
6
5
11
4
5
7
9
4
7
3
9
5
5
4
15
12
3
9
11
9
6
15
8
8
4
14814244
7
7
5
87997888
38882875
101190525
6
8
5
8
8
4
11
7776343
10
5
4
3
10
7
3
41899936
16
84510
4
3
13
17
4
26361
5
7
7
49108735
6
3
11
11
4
8
12
13
16
5
14
10
3
8
6
3
12
68756
11
5
13
5
49234
7
3
41880875
11
51467
9
12
3
6
13
3
4
5306
5
14
14
5
5
5
29452
13
9
15
7
12
102468
9
122347791
9
9
60012
5
3
7
6
430
58746474
4
6
6
12
3
11
8
3
5
9
13
12
49144380
5
14
11
14
12
49708602
3
3
9
13
5
4
14
6
8
72908806
7
6
58781306
1913131
11
11
6
7
12
6
26806477
40678576
41905927
3
5
6
5
17
7
33
2877423
7
6
38666317
5
7
15
8
57134
14232
9
5
6
12
40183405
11
7
11
5
7
20303082
18591029
9
7675377
10
11
474
6
5
7
3
5
7
5
7
13
5
7
7
13
6012
8
628623
8
10
3
3
437217
68633935
12
5
7
11
7
3
34896695
5
7
3
13
41855436
12
6
8
6
8
4
4
6
11
8
3
6
9
9
7
9
7
8
8
7
8
6
4
11
10
10
11
17
12
3
93467906
3
5
11
16
3
15
3
9
8
18
3
8
13
6
12
6
3
6
8
6
10
8
11
7
18095107
103587
6
21977190
3
9
3
3
7
3
3048
31069238
9
19
5
5
4
12
6
8
7
3
7
10
7
7474327
425
6
63533031
2378
5
56735
45455835
59257474
3
49108122
21
12752
3
11
12
3
100
11
4
6
7
3
7
3
12045
9
4
10
4
7
4
9
5
7
7
10
9
9
9
3
27650432
7
10786574
190135444
9
34528
3
13
8
9
6
85576738
11
21207753
5
4369
7
5
7
11
7
10
12
12
7
15
3
7
6
7
40721276
9
9908
10
8
5
3
7
3
7
6
14
12
15
10
3
16
17
6
8
8
8
18604441
3
3742
11
10
6
4
9
506260
3
7
37886649
7
13
6
9
6
10
66316
60006
4
12
4
9
9
14
8
11
14
6
280
11
8
6
8
4
8
13
3
17
6
14
7
7
12
10
10
11
8
11
5
9
11
5
10
6
8
6
11
12
41856373
15
15198150
5
4
6
8
147581764
10
3
12
3
4
10
6
6
5
6
7
4
36479903
1949882
7
12
8
4
13
3
6
4
8
4
6
6
3
7
12
15072059
16
3
3
4
8
6
9
8
7
425
5
1061391
10659834
59593
9
13
11
13
6
5
6
7
3
9
4
9
5
37391395
6231
41899964
5
10
2995
11
7
13
3
13
10
11
9
5
8
3
3086
19668484
5
7
8
4
4
5
8
4
6
7
4
3
4829
7
4
4
7
11734299
9
4
12
3472376
3
10
299500
5
9
6
11
5
8
15119
10521048
7698116
3
14
50234
8
8
13
10
4
5
8
11
3
4
9
5
16
7
10
7
10
4
4
15
48460234
4
40708525
3
3
5
11
9
47954502
35903738
6
418
10
13
14
6
7
5
8
5
110612844
14
11
8
3
3
8
30142631
5
3
6
4
3
5
12
9
3
13
239030
9
32458267
13
15
6
13
5
6
13
3
4
11
5
9
7
7
10
8
6
5
14
12
4939675
8
7
15
4
11
9
6
7
10
16
5
3
9
7
5
37275452
7
6
17
5
3
10
7
69826548
3
49632070
3
5
1670
4
12
24461
3
5
11
6
3
16
57215665
49708884
7664
13
8
5
14
5
15
18
12
15
20
14
3563
7908172
8
23926182
8
9
10
5
11172480
3
8
4
8
9
7926
6
14
4
13
1404575
11
9
7
3
7
8
15
8
6
266989
7
13
4
10
12
15
12
7803495
10
4
8
491913
14
9
7
41856684
8
3
7
3
16
3
11
11
6
9
7
9
7
3
7
12
11
9
8
6
39658993
14
31034
12
40179136
8
5
7
3
6
3
7
5
49492459
8
9
12
7
3
7768224
3
6
19
5
3
14
6
15
7
14
9
5
7
305804
6
11
7
17989374
13
4
4
3
138807243
5
7
76801
518749
6
12
49634274
15
13
9
3
8
3
80405
1247
3
12
10
9
5
12
3
8
7
55489
6
10
92779381
8
10826122
26650296
4
10
9
3
3
21982
5
4
5
9
7
9
3
12
4
20233784
4
45222
63924649
8
12
12
3
3
14
13
10
11
89
16
17
5
12
12
4
10
11
3
6
4
9
10
4
11
6
8
13
16
7
10
9
9
6
41856356
3
5
6
7
24143625
4
8
10
9
11
9
5
7
17
4
7
9657
73248021
6
4
127153752
11
9
4
9
16
12
7
8118932
8
5
6
6
9
12
6
7
9
3
5
13
7
3
3
18
7
6
845967
202978
5
10
5
3
3
5
58741
20690856
5
5
15
11
5
10
12
42884272
5
21
27682871
3
8
90781897
5
9127065
16
5
6
9
9
41888211
11
8
5
7198254
7784725
5
7
5
4
11
11
8
4
4
420
18934
10
4836219
5
3
12
8
222587
13
7
7
5
7
14
17962389
10
10
4872
7
7
24216
8
4
9
5
7
9778
3
5
49629095
5
25510419
5
7923
3
5
19881304
3
6074
7
10
6
6
39300940
7
9
3
8
4820
5
3
9
5
38666305
5
3
10
11
11
6
11
3
10
7
5
4
3
12
428
1615204
9
3
9
10
4
6
14
6
4
148986753
12
5
10
11
6
6
7
6
9
40321567
7
14
3
27129021
10
9
3
38827
3
8
7
12
11
6
425
9
10
14
6
7
3
13
56827116
3
3
5
10816240
5
7
3
7
14
7
6
9
6
7
38829709
78099713
6
14
7
3
90009568
10
6
14
4
13
10
5
11
4
13
13
10533749
13
18967312
8
5
5
11
4
10
7926
9094092
15
12
3
9
5
4
505605
6
63515020
3
21
12
3
32510776
44448
8
16
13
7
10802880
3
10629663
6
16
149609742
7
3
6
20891062
27513903
5
10
10
499074
7
4
20300487
42284708
9
5
7
7
5
8
12
4
4
5
6
10
110111800
3
6
4
10
5
3
3
6
13
58972767
7
11
3
3
4
10
9
51348949
10638
14
3
9
14
2653382
7
15
13
12
7
12
10
15
4
5
4885
7
8
10
5
6
6
12
5
3
9
4
14
13
49142975
6
5
8
4
11
1119357
5
8
13
3
41544
6
11
5
7
3
14
4
12049
4
3
16
10
7
3
12
11
16
3
18
19883732
4
16
7
12
40183413
134915430
4
7
7
4
5
4
9
9857875
6
49115437
9
3
417
5
13
7909633
5
3
14
4
3
12
4
7
14
7
10798082
8446
5
9
5
9
120
8
17043123
3
9
5
7
24201
7
12
3178109
3
17
15
59171
9
9
9
4
7
9
7
7
4
6
11
12
9
5
11
12
10
16
7
3
3
5
3
5
4
9
10
5
5
6
7
4
10
4
3
17
3
9
8
49099543
4
9
9
3
59588
59596
4
9240243
5
41887052
5
11
9
6
3
5
30634
86234
6
2746005
12
40197530
3
15
8
15
3
6
41856360
31037
3
6
5
14
8
7
35720815
8
8
10
7
8
13
8
4
10
11
15
11
14
10
20949981
6
3
7
5
1708
5
15
10
4
2315
13
12
15
9
5
10
4
10
3
5
3
5
5
11
3
5
15
30429269
6
6
5
41856364
22
6
585144
3
109839137
174872806
7
15
3
7
3
12
9
11
9
2225
9198817
13
12
4
4
7
12
36586
11
8
4
8
30650
8
9
7207496
16
15
7
6
78774
5
3
17
15
10
14203650
10
9
1805
15
5
12
56192540
5
8
5
6
6
6
13
7
9
3071
5
3
49607971
3
437502
113658629
6
9
7
107791976
3
8
6817097
3
49632080
6
10
5
14
34687798
12
4
148109869
53170108
71951585
6
10
6
7
4
7
3
7
10
13
4
3
12
9
15
5
5
4
9
10
8
5
41856696
7
4
19
6
13
11
116999588
8
11
7
28122329
11
6
72745503
18095110
3
6
15
5
4
7
13
8
12
44283772
9
6
6
30813819
11248886
6
10
4
7204037
3
3
11818155
5
23416
3
14
4
7
8
5
3
6
12
7
5
7
8
5
7
16
5
8
8
26709140
8
7
5
6
387711
3
4
7
4
12
6
9
7
4
13
25556171
10
64354003
5352
60012
3
4
15
4
7
5
8
3
7
4
56710771
11
18963
5
11
3
11
6
5
6
5
4
7
5774
4
8
40739475
12
6
22519918
7
9
28190701
7
6349
7
49089428
3
2
11
49633487
4813
4
5096
8382243
14
12
3
5
5
41858446
3
15587556
5
11
4
4
4
4
6
9
3
5
13
13
3
3
10
4
4
3
7
3
5
10
5
4
4
8
3
11
6
4
11
5
10699780
6
11
16
11
15
14
16968
5
31182109
3002
4
49710376
12492278
3
14
9
34921
9
5
8
5
49094305
5
18
1131
5
59172
18074354
4
7
40183416
3
9
37918499
8
4
5
5
10
6231
11
3
49640085
7
16
11
7
9
386857
7
3
75819762
85943146
5
5
8
2322
3
7
8
11
9
3
5
6
6
12
9
7
54949
13
5
4
9
14
13
3
17989377
4
8
14
8
8
15
4
3
3
7729323
10
12
4
10
5
5
46816444
26412111
5
15
3
4
58
13
5
11
5
15
9
3
7
4
3259
48233
3
3
12
7
5433
57401
7
5
7
10
6
10
3
8
9
14
10
50425
12
8
6
3
16
3
7
7743617
40194139
15
3
13
11
29117
4
14
8
14
12
11
3
4
41856338
5
9
11
14
8
9
3
9
3
8
5
6
3154
13
7
8
9
12
2147
12
7
4
13
5
10
3
11
5
3
251943
12
40739486
11
9
185433718
5
13
6
10
13
89719772
19907403
5
4
24021304
9
9
8
5
13
3
7
12
3
4
16655201
34050721
10
10
6
8
12
4
7
10
57161
11
4
11
13
12
242364
18
9
49006593
7
11
13155
105949
3
6
5
6
5
7
13
4
2397940
11
5
5
5
10
7
7
14
13
5
9
13
5
11
1583
7
11300289
7
3
6
7
46981774
41898296
5
5
18
12
5
11442
7
7
7
7
15793573
9
12
10
3
7
4
22137794
38967012
13
89832931
9
15
4
9
4
11
11
5
5
9
5
3
11
4
14
479515
8
5
6
4
10
3
4
5
4
10
4
3
11
9
7
7
9
49611297
8
14
38755364
12
3
11
10
3
10
4
145641169
4
11
10758703
10
14
11
6
10
3
15
7
3
4
6
6
5
14
1599
8
10
9
8
3
5
6
17
3
3
114881
51516816
31
4
10
59161
4
7
6
5
6627
7
35062
35672
7
3
5
4
5
38827593
18034330
147394451
12
3
5
8
10
5
9
6
9
32764225
7
12
75670050
3
7
1369977
9
4
19
113477
9
15
8
241649
6
3
5
6
5
3
8
6
9
6
10
17
6
4
5
35260979
8
6
5
35561899
7
14
6
6
3
198
8
12
15
5
5
10
13
44894
5
5
5
4
3
6
37879578
8
3
10
11
3774398
11
3
3
15
13
128
7
4
5
5
4
15
15
5
5
6
4
3
10
12
8
18258417
13
15
40169410
3
10869827
14
5
12
6
13
3
523369
6
8
15
8
6
504128
3
10
155892
14
58165
6
7
5
9
25992951
3
5
26877803
9
11
6
5
5
3
3
17
3
11803615
10
6
10
3
6
6
12
3
9
8
6
6215037
5
8
5
6
18605925
10
8
13
8
16042125
13
3
7
25088
8
34798
37370823
12
4
3
15
3
10
11
9
3
6
6
7
10
474956
23424216
9158
15
4
4
4
6
12
5
9
11
67856361
59172
6
14
3
5
41856371
30161444
6
116179878
9
5
5
10
3
8
5
8
6
14
41404519
3
7
18
3
5
4
122777542
3
8
12
109479569
8
3
6
8
13
17
11
9
6
9
3
13
6
15
12
8
4
4
10
12
5245610
60012
9
7
10
3
4
5
3
3
4
7
31059212
3
3
11
4
69972385
9
5
4
49111638
5
4
9
4
43337824
3
3
542911
8999286
12
3
40183409
9
10
3
6
5
6
5
5
18088125
11
8
21
9
39238
6
14
4
5
4
8
972805
41852506
163969292
4
8
7
5
41849386
6
10
7
9
14
40196758
5
103334541
10
3
193341813
3
3
8
4
8
20
48
7
16
9
11
5
4
8
7
7
9
3
11
3
19
31053599
11
4
6
9
6
16
8
10
842284
12
10
3
15
7
11
8
8
5
10066666
3
4
12
3
7
542056
8
7
14
7
3
10
9
8
3
170698
5
13
11
6
21
149314990
11
10
7
8
3
6
9
3
17
14
9
13
11
4
5
4859
7
10
10
16
11
8
88578480
20782299
10
4
3
6571
7
6
9
8
3
3
3
10
7
8
10
10
11
5
3
6
13953
9
5
5
6
13
7
4
7
8
18037864
49126040
14
9
16
32996359
8
4305009
6
10
5
5050
31244785
12
102462025
7
4
9906782
13
8
14
10
4
9
3
7
10
7
11
5
5
41856352
7
6
14
6
4
4
4
6
10
6
158
5
11
9
9
3
5
7
9
12
27116272
7
3
13
10
10
11
9
5
8
7
628623
2976091
9
29300862
7
7
129167
12
3
9
7
3
3
3
9
6
5
3
6
10
188306984
11392
7
7
21
12
6
12
6
3
4814
16
8
7
3
11
5
4
10
27677605
6
7
54390385
10
8
4
6
10807989
11
7
8
3
5
7
57152
3
210070
5
12
17
37350881
3
4
2092970
276810
15
9
3391
6
19926197
3
5
4
41899958
4
4
3
7
15
10927540
12
8
6
3
6
23463541
15
5
4
3
12287
12
10786179
7
6
21
6
9
14
9
15
98668411
7
10
12
6
4
7
12
9
9
4814
204936
5
84281255
11
6
15
17
30142612
5
12
5
3
4
10
8
10698308
10
6
9
3
9
9
78107261
6
3
6
3
11
3
12
8
9
10
7236876
6
4
4859
11
11
5
7
37583874
51764759
6
8
3
15
3
27179330
7179
43238610
8
3
4
9
2110
6
5
15
4814
16
10751036
6
3
3
6
56707244
12
9328999
119872767
13
4
6
14
10
9
5
3
11
8
3
7273744
56764238
16
9
10
15
5679
3
8
7
9
704
8
7
5
12
11
22590511
7
5
4
558363
3
3
5
12
3
3
8
7
7238128
8
10
7
5008
11121
13
8
2257
10
4
24205
6
3
82204
5
100364
7
3
3
7274506
35744912
6
6
3
4
3
6
1288
7
3
7
4
8
6
17
41856387
7
11237729
11244937
12
6211
1944940
9
5
16
11
6
4
5
4
15
11168097
56835262
9
5
3
6
60012
3
8
515322
3
3
9
30749216
9
10
15
5
5
8
6
6
6
12
9
6
10
9
11
5
10
3
18049401
13
6
13
8
22203403
9
6
5
9
9
13
5
4
3
11
37118321
17
3
14
34940
113422371
14952706
30624
10
9
7
10
6
15
6
11
11
8
19172
5
5
8131
13
5
8
13
7
3
58779973
40193938
6
8
4
12
4
4
7
11
15
21946266
3
11
8
9
16062353
8841
49650132
9
11
125600380
61960709
11
7
5
7
174371085
11
5
3
6
3
7
3
49144400
6
7
9
56721114
12
12
11
154094
8
7
1428
5
14
5
15
3
10
11
19
13
8
12
5
6
15
40183407
16
16
5
15
14
4
4
11
5
7
10
59432
3
11
87604165
5
11
5
10
5
12
8
6
3
4
18
6
5
5
7
3
4
6
272589
9
11
10
14
15
7
3
7
41855436
9
41899958
12
6
1580348
10
4
14
7
13
7
7
16
12
230114
4
41901523
11
7
6
3
8
11
3
8
10
10
3
11297686
10
3
9
15
5
41784410
12
5
7
3
7
9
7
6
6
3
1338416
5
12
15
3
10
434
5
12417
11
158032502
69954741
5
10
16
8
8
10
11
4
5
6
3
4
6
5
3
8
3
8
1977024
6
16
358
12
3
3
16
8
9
12
5
12339
9
14
10
4
3
15
3
8
14149
7
6
10
5
8
16
4
3
11
7
5
6
21
3
7481235
60973864
60012
7
13
4
7991
12
6
3
13
4
13
4
5
273
14
5
10
4802
6
3
14
18
5
13
12
8
6
3
15
4
4
2020730
7
18064416
4
5
12
3
6
4
9
11
134917940
58177312
8
3
5
10
15
5
9
174
16
4
3
3497790
6
30142615
8
15
38666293
5
4
37579
11
5
172
3
6
11
12
11
9
50230341
11
7
6
6
7
4
30155861
10
6
7
12
7
3
6
5
3
6
3
27219599
5
5
7
9
13
4
5
15
6
8
13595
5
5
31048295
9
13
5
8
5
21150
12
18
20237562
60012
11
11
6
10
23024047
56643
9
10
408952
8
7746176
11
11
9
17847
4
4
3
10
16
10
11193429
11
49634029
11
11
7
12
4
11
3
47929787
6
8
3
13
6
19765784
11
58706089
4
102078565
11
71149705
7
15733768
4
8
96371
57678
6
7
15
3
8848205
5
7233
11
9
8
19888110
18
10
6
64472
504156
3
5
4761
4
4
5
9
4
9
51107876
8
3
3
9
4
49148813
12
540293
3
11
5
7
3013069
5
5
14
15
4
4
6
7
5
9
4
12
7
13
7
5
9
11
1573193
17
9
22701
8
13
19877835
3
30188741
9
8
6
5
3
6230
12
54797
7
18
5
4
3
19
28781105
5
3
12
10653575
41308
11
8
4
3
3
11
1441
8
41856684
12
46623273
5
41856687
6
9
4
6
3
7
13
3
3
6
11
41856352
10
7
10
3
7
14
8
14
15
16
17
3
11816562
5
13
5
3
13
4
7
10
6
9
16
3
6
5
15
7
11289702
4361
8
16
846769
21
7
13
9
49051073
4
4814
17134570
3
6
8
10
10
9
4
10
30161431
51796386
8
6
4
9
7
36914
5
10678934
40882585
5
420200
53766034
5
4
4200
7
11
8
4
10
3
8
4
11
7
16
48999807
7
9
5
5
7
7
3
5
3
6
3
13
3010
4
118462
7
9
6
11243655
5
7
3
3
5
19
49149652
8
24175
7
6
27684503
3
4
7
47829170
14
5
116104
5
7
3
11
3
5
516580
6
41856379
263288
5
3
3
4
4
10
3
5
3
88709048
7752515
3
12
5
8
6
5
4
6
4
5
9
13
1022765
11
33515
8
2796373
7
4
9
9
89832911
10
5
3
5
12
47912265
7221021
7
4
5
7
4816
5
13
20
9
8
4
8
4
9
5
12
3
3
6
13
11
11
12
7220674
15
9
13
9
5
12
6
7
3
83245
8
8
18593666
1049868
5
20861567
4
4
3
4
13
4
4
485327
23467
4872
3
3884
6
13
10
15
4
3
518066
7
8
15
12
13
7
5
52592
6
11
80
10
8
9
4
11
3
6
11
8
9
3
11272057
10
3
3
49616851
9
121906048
5
8
6
7
4
10
10
13
7
7759087
6
6
3
13
105636611
6
17
12
59975
7
12
11171703
112877983
4
4
54248321
18
5
8
6
5
8
3
12
9
452215
10
9
6
4829
15
5
5
10758178
6
3
5
4
5
5
3
30
7
16
3
14
4
4
7
4
8
8
3
5
5
10
5
12
5
10
9556225
18609739
5
3
9
6
3
3
47973457
7
7
3
10795556
3
5
3
56672
12
4
6
7
4
10
3
7
22543623
7
38156588
7
8
4
12
10
7
16
7
4
11
53370005
4
5
5163
9
6
11
7
3
10
3
14
4
5
31487
10
131572132
6
6
5
4
6
5
7
8
9
8
4
82035638
89835188
9
6
173278
12
14
10
3650171
5
11
98733
6
7
14
3
6
40737960
22
247
3
428
5
8
3
10
997487
4
11
4805889
3
5
6
10
3
11
10
47953811
3
3
7
15
3
9
8
11718367
6
8
8
5
5
11
5
4
12
3
6
1952914
6
7
3
8
4
10
6
9
94348729
7
3
7
3
3
5
5
8
7
6
16
3
7
56386
4
3
3
4
19
3
11
11
20
5
14
12
12
7
197555
4
10
527722
3
6
13
15
58013
7
6
6
5
13
3
15
11
7
12
3
4
89819997
6
4
5
4
3
10
3
5
5
8
8
10
5
5
5
13
13
7
7
9
7
13
8
7
12
174371268
6
14
4
13
8
8
4
8
6
8
7
11
3
4
11
5
6
3
9
8
9
5
5
1024597
564930
5
10
4
7
40616104
4
3189
14
9
1695
7
6
67840547
13940
6
5
8902
2474163
3
9
45350
15
3
49636776
14
3
9
15
3
10
8
6
14
47
18
3
98347734
11
10
93558047
8
8
5
9
4
49125470
16
9
7226345
4
7
6
7
9
14
8
59356116
11
40742907
9
4
9
7234954
13
5
11
5
11
16
7
756
12
7
8
13
5
11
7
10
7
8
3
5
6
37359142
7
49633759
9
4
3
8
2257
7
4
9
11
11
7
5
12
54946
7
19970
11
6192
5
8
14
7523423
49074703
41820743
6
14693015
5
9
11598310
15
8
3
8
7
7
10786172
10
8
6
3
24
11
8
33763088
4
8
3
5
5
6
3
5
5
504127
3
3
7
5
8
9
5
3
3
3
13
12
4
3
6
17
49641067
9
4
12
5
7
61224
3
3572532
203927719
6
4
15
36084
5
9
7
3
5
9
3
10
5
9
3
5
5
4
9
26206
7
9
4
13
8
12
3
8
3
12
9
98239296
3
9
5
4
3
7
6
3
11
8
3
4
7
9
18540561
4
6
131
9
9
7789237
6
14
90479690
3
49080250
3
6
15
9
5
16
10
5
10
5
8
6
9
4
6
8
3
69295
10
43760603
4165589
6
7
7
49010
15
21898961
6
12
7
14
8
12
7
6
134915427
15
11
9
40196459
12
3
5
9
16
9
11130451
3
58716891
9
5
11
5
1291050
11
286
8
3
1284404
16
3
10
5
5
14
23985
11
7
5
476
8
9
11
7
3
5
4
8
10
7
5
10
9
49632080
8
5
17
14
7
4
12
13
7
7
15
3
10761410
4
5
18459446
4
4
3
4633855
5
8
5
1020263
17
9
3
11
27708885
11
9
5
868
8
3
97
13
8
61808736
6
6
4
8
9
6
4
6
3
15
6
10
4
7
8
14
60190
12
38359683
3
6
11
4
16
10
14
6
10
8
5
7
11
9
7
49122257
6
7
13
3
10
13
6
5
13
5
7
15
7
10
13
5
25522981
41899958
5
5
6
10
8
14
13
3
7
7
14
14
14
6
49018594
10
7
14
70906
3
6
10
7
37350886
8
7926
4
6
5
8
3
59595
3
5
1388551
3
4
4
6
11
7
5
5
444906
6
4
12
8
13
8
5
107200179
4
9
4
12
9
6
3
6
15
5
6
3
8
679454
14
12
5
5
4
5
41880886
45863292
5
6
8
4
6
3
15
7
5
11
14
2630
25
4
6
16911
7
7
15
3
5
24205
11172481
22785665
19756490
3
7
5
12
31027093
14
56338
4
6
7
7
15
5
6
10656029
40233655
928397
7
9
7
12
174770
74100221
5
6
7
10
7
9
5
10042
11313175
38892223
3
4
6
7
8
6
14
5
14
126702025
8
47974819
7
12
16694
1961
3
5
6
7
9
13
7
3448567
3
6
11
9
8
3
4
22801818
11
11
7
7
40183408
5
14
6
9
9
9
4
3
3
5
3
10574094
3
7
3
9
3
7
6
5
5
4
66012446
6
4
4
4
14
5
5
12
8
5
4
5
3
18052109
5
3
9
9
9
13
10
9
10
6
12
11
9
3
3
6
25520102
13
10
3067
94116
7722526
3
15
5
93469370
6
11077430
5
5
7261986
4
3
11
13
15
7
14
8172
3
5
11141146
6
4
10
4
6652
8
4
12
111532887
25
3
7
14
3
5
29400770
16
9
11
9
9
5
16
9
11
9
10
7
4
6
5
3
8
1327806
9
41042764
8
5
16
11
4
89803248
4
18
2378
3
8
6
5
9
8
59595
3
12
7
9
520455
21973139
4
3
9
6
56755
13
6
3
11
6
9
10840917
13
10
512
9
7242122
6
7
9
3
5
5
4
11
55890
3
9
5
20
9
7
3
3
10
3
12
3
4
22
6
12
8
5
41880879
11
41856362
81942766
27350
8
3
5
13
324356
13
16
6
11
506610
11
3
237780
9
3
3
7
12
6
14
5
6
10
3
8249243
9
2361710
8
5
12
430
18
13
5
16
4
5
7
5
34898160
12
6
115050906
32231537
3
60774113
17
60012
4
4
41883348
4
5
8
11
4220121
10
38297076
3
10
5
7
6
19
6
8
101645367
4
5
6
12
13
5
8
4
6
4
8
3
5
9
3
3
19871574
5
4
49123670
4
9
3
10
8
9
3
9
9
3
6202
20797058
3
5
8
3
6
9
8295
5
11
570
4
6
9
4819
10
11
7
13
10
3
10
3
8
3
6
49633916
7
3
7
465
8901
4
3
6
3
4
41832868
5
7
6
4
5
59962
8
5
13
10
5
41868093
4
4
5
9
15
5
6
6
16
6
7
6
10
10
8
6
7
9
7
11
12
14
12
5
7
10
37365657
10
8
10
11
5
3
4
10
5
93904
19
13
39160027
15
8
10
5
21
10
4
7
5
7
9
11
9
10
12
19
9
7
36390
15
10036617
3
8
58973522
7
40231813
5
16
5
9
9
7
9
12
6
6
3
4
49113443
7
9
7
10
16
18
26794
12
5
10
7
12257
47937115
9
11
55549
10
9
8
3
15
7238448
10
3
203299984
5
15
11
17
7
4
6
3047
16
3
10
641506
3
5
75668576
3
6
3
557080
5
9
9
9261
10
23
3
7
11262516
9
3
6
20183877
888996
10
5
11
1794310
9
6
5
6
6
3
51187
4829
5
6
5
7
3
10
10
4
8
12309
3
2969676
9
5
8
5
6
16
12
5
17
8
11
12880
8
6
6
5
3
7
17
182823151
4
4
4
7
5
8
4
12
11
5
5033
11
8
15
10
4
9
93469267
31180983
6
354
6
5
7
251279
12
8
8
26133
20210831
3
10
11
7777612
6
625169
12
10
9
3
142628
10
10
9
9
49648404
18
6
11
5
5
12
13
9
4
10
4
6
49057369
3
552
9
41856382
4
32936714
15
9
9
4
3
3
7
5
7
7
16
14
7
62545
3
41856684
10
7
10
4
4
8
5
7
11
10
5
3
21932597
11
6
3
3
15
12
2917112
6
93468207
9
8
10
9
11
5
10
8
3
16
3
14
6
5
12
10
8
15
8843018
19
11
43954627
10
5
12
7
11
34102
7
2546
5
9
6
11295187
7
8
6
8
11
8
8
12
3
10
6
12
13
249286
11
15
5
8
11
9
5
4
3
3
4
7
22
3
14
11
10
2
5964042
10
13
5
12
3
7
10
375
49125471
7
6
7206543
13
9
9
9
3
8
6
4
7
4
4
3
6
11
10
3
9
10
241281
1074244
4
8
3
9
9
9
11
6
5
47963589
4
13
5
72676653
3
10
3
8
5
6
59168
7
9
16
10
13
4
11
1075061
49710134
5
876182
12
7
10
4
3
3
12
3
3
5
8
14
11
7
7
6
9
21115069
5
14
9
83978341
8
8
3
3
8
6
5
7
41856375
9
10
5
12
38812
7
11
7
7
10
3
11
10
12
16
12
59593
41856360
29519006
5
8
3
13
10
10
7
13
7
4
9
5
11432
16
8
3
41876992
8
30833
12
18064976
11
3
31
106095
31148829
9
4788
10
11
7
5
4
557889
7
248328
11
6
6
5
9
7
28224289
8
9
5
8
6
4
7
38421931
3
27227916
5
24204
5
9
6
3
31
41856359
13
5
8
6
6
4
3
11
6
7782319
3
3
9
7
4
222200
4
9
512469
9
13090734
7
3
4
4
12
7
8
82620014
10
8
6
19
3
49637033
8
18
6
3
62916183
8
12
11
12
5
38347068
3
5
3
3
8
4
60012
14
3
3
6
8
88511620
11
9
6
17
9
9
7
4
7
6
50963928
16
5
5
5
3
3
16
20210833
4
11
3
5
447062
39433630
3
4
49143628
3
6
5
6
3
3
8
4
38666315
8
13
11
17
14
5
3
11
4
47973717
35564
16
12
12
7
4
54946
3
6
4
4
10
15
16
14
7
8
7
12
11
4
16
3
6
8
15
4
4
9
9
19349371
3
5
4
3
8
5
5
10250977
5
13
10
3
5
3
10
3
5
61247
4
13
7
6
12
909362
5
89780444
11
3
5
15
6
4
3
8
8
15
11
16222
11
3
4
9252718
18
7
9
58688
14
3
3
5
4
296351
7
56825867
6
5
17
27207938
238561
188191
195996
78039906
4
23384
4
3741
6241
13
5
10
573
4
86750053
8
3
8
9
4
3
15
5
40183416
12
7185
6
7588315
10
8
7
8
7
7244784
8
69173198
5
21973147
3
11
57165
15
4
12
7
4
2988
16444730
24021752
10800158
9
5
4
4
272559
7
20274147
16
3
9
3
12
4
3
6
479227
6
1104
6
17
12
3
15
6
10
11
91661051
11
432
208
14
13
12
756
5
7
5
3
14
7898261
8990300
3
14
51425741
4
14
3
4
5
9
11
5
5
19922761
68660
10
88023
15
11189112
31014612
9
18161
6
7
3
16964
6
5
3
10687397
15
7
14
6
15
3
9
8
4
14
17
4
9094092
3
6
3
14
5
14
13
7
6
6828
27686987
7
10
14
27697673
5
58484930
89814455
3
11719298
6
5547
9
9
14
4
3
1048
716098
3
5
9
9
3
8
5
7
7
4
41845868
44373
3
21979694
15
3
6
4
840233
11
5
6
6
7
11
6
4
7
6
89770564
8
7
3
8
5
3
16
9
3
5
19
9
3
4
10
7
89807436
3
6
18
13156
7288173
8
15886725
3
7
19299407
3
10
6
6
10
5
6
7259282
9
5
10
15
15
12
5
7
51397
4
3
21
6
7
5
3
3
8
13
9
13
3
4
7
3
7
14
41856352
3
12
4
7
8
5
4
13
10663654
11
8
49002
14
45542545
3
9
8
6
6
8
5
7
6
3080
10
8
4
4
10
10716724
6
5
14
12
6
14
5
3
11264106
5
5
16
11
9
5
5
2250
15
8
16331430
9
30930
10
38598600
5
4
7
10
8
3
4
3
727
3
6
5
22
5
14
10619217
5
5
11339
567
3
4
60012
3
6
3
12
7
14
3
6
5
37368746
5
3
9
5
6
9
13
16
13
8
8
3
3
7
3
10
13
8
10
5
3
3
14
6
5
13
6
3
78124114
15
14
4
4
9
6
7
89827291
5
12
3
49143635
6
8
7
4
3
122551392
106639354
37459482
4
10
11
4
10
11
202989
5
3
19
3
7284818
6
3
13
100951925
11
194037
3
4
6
5
4
8
3
5
14
6
8
6
14
4
3
7
41883723
18
3
3
7
42641
12
4
7734878
7
4
8
4
9
10
7
5
11
5
8
4
8
5
3
105564546
6
5
5
28028
5
41857924
13
9
8
7
9
6
8
9
5
3
6
6
7
9
14
6
3
1010715
12
5
6
3
3
56746
3
41856350
14
18536175
49102610
9
3
12
17
11
15
15
18047250
5
41867059
41173410
30306
8
15
10
12
5
7
68236916
23
8
9
9
4
10
3
13
6
17
9
7
10
8
7
5
3
8
6
4804
7
7
8
6
15
7
8
3
10
9
46178496
14
10
9
49634021
6
7926
7
3
542910
10
3
504127
7185570
31109595
4
8
3
2254
9
9
17528901
3570941
16
14
7
1585
6
12
11
5
3
11
3
7
3
4
5
11
12
6
6
7
3
9
64866804
5
13
24800
9
4
4
6
9
9
55
9
4
11
15
8
3
21809205
7
15
7
5
7
11
3
6
13
14
16
8
5
21973147
38840
69693
3
14
15
12710
5
16195
511325
6
14
69217619
6
14
5
496068
4
49576383
8
5
4
5
3
4
9
17
6
12
11
4
13
6
4
203680
4
11
3
13
13
8
16882778
10
7
6
5
3
7
212266040
3
10
8
6
10
3
5
5
20
7
10670352
9
4364
6
2414
3
10
9
3
9
177496
3
5
7
8
9
4
10
9
9
11
8
10
38157505
3
14
4
5
16
12
40231811
16
62569731
7
17
13
3
9
3
4750
11
8
13
4
5
506610
9
7
4
6
15
3
3
3
5
7141
22770456
6
6
9
22303384
9
11
13
109144848
3
19
30590766
7
3
5
3
104386857
5
8
6
21973147
5
11
3
13
9
7235499
3
8
76700
4
3
7
8
508645
6
11
4
3
5
7223510
5
9
6
106155856
7
19
13
1332
11
3
6
8107651
16
10
5
10
8
6
8
6
49149649
8
4
10
36738314
9
10
13
5
3
100580939
10
5
4
3
11
4
8
18578776
58654793
13
5
8
7940064
15
30576248
7
4
3
7
7
17
8
174050191
5
8
9
6
3
5
12
756
7
4
6
5
4
42192
7
10
4
8
8
11
4
5
13
13
52115119
8
5
3
155244
7781824
3
10
11
3
15
10
6
16
6
5
59202928
6
3
3
3
9158
133521574
5
7
6
6
4
59999672
6
7
10
10
938395
6
10
8
6
7
3
3
5
4809
5
14
4
6
9
1503
14
9
6
11
18
3
4
13
3
8
13
9
12
11
3
3
9
12
4
23042488
11
4364
6
11826081
5
4
8
8
5
5
7
14
12
7
56713164
6
9
15
40194132
12
15
500056
15
29763633
9
5
3
3
9
16
953235
6
10
36314066
8
10
41892366
16004
5
17
14
5
3
8
8
63196015
9
38710942
3
3
6
4
3
197105722
3
20
13956438
5
3
8
548892
5
10
8
71083
43457
4
10
6
10
4
35594
13
15
23024
27411181
3
6
7
4
5
93467930
8
12202232
8
9
35454
16
3
54136687
5
9
5
7
8
10
3
18054921
8904
8
9
84469027
4
13
16
8
16
8170069
10
13
7
4
3
12
11
4
5
135756
7
9
8
6
5
7
60072
4
6
7
12
4
8
9
5
7
10787729
3
4
3
374
10
4
6
16
10840818
10
15
41899951
6
3
5
7
3
8
3
9
6
7
102078205
3
5
4
16323641
3
4
4
8
14
76
8
3
9
7
15
7
3
8
13
11
10
12
5
7
4
4
562036
7288179
11
5
5
5
7
11
13
8
3
10
2224
7
3
8
14
15
4742
7238435
4
12
59171
3
5
8
17
126120537
7
10
11
45863691
25987
6
3
65227964
7
5
3
8
31073650
9
3
7
8
18084378
7
30820499
2991
34626
6
16
7
6
6
6
6
7
3
3
16
3
5
4
21973143
5
1702
12
10042296
15
8
7134
5
9
5
3
11
7
14
55771
9
503637
4859
19
5
5
15724
6
136
13
7251131
8
5
10
5
8
4
3
4
16
13
10
14
6
10803923
7
31077012
5
6
3
4
7
12
4
7
10
3
12
9
4
11
4
57875605
5
11
5
11
10
10
13
5
9
16
4
8
3
4
8
6
9
42915
49475748
5
5
5
40696627
3
4
8
6
6
4
6
5
4
11
6
55114136
49584322
9
7
9
8
17
9
7
6665
3
58900
11
11
13
3
959
10
19987261
3
4
3
3
75501
4
3
10
9
8
8
4
3
5
13
8
14
3
3
9
6
10709032
12
8
5
14
5
5
9
8
13
4
7
20
14
4
3
4
7
409
16158887
7
2984
8
5
5
19
14165
3
922030
5
7
21
5
3
93469571
3
10
12
7
41843866
7
4785
7
89753508
12
277850
3
7
3
139363977
48460234
8
8
16
3
15
6
5
14
20069428
5
11631
12
3
10
16
9208727
6
5
3
7
8
56621802
15
8
4
7769064
3
5
8
4
5
14
8
12
5327856
11607739
3
6
4
11
5
8
11
14
4
5
6
21
10
8
13
8
5
7
14
3
10
7220328
19
190087226
8
8
5
15
3
3
3
551011
13
3
3906
7
4
8
14
6
10
4021
7
4
7
9
21966920
7715686
15
7142
5
15
599089
15
11
9
8
8
31042112
8
4
7740568
10
4
19
56761
10
18
6622303
15
6
5
15
34440173
200701238
7
59597
6
11814572
15325274
8
7
3
48
40826275
60665371
10
101577246
12
5
3
6
9
13
13
3
6
93467913
7
12
4
13
6
4
5
7
3
3
7260768
11
5
10
12
10
9
5
17907902
11
7246044
7
265666
6
27618326
7
328403
3
5
13
12
41856694
5
5
12
5
17091
9
5
4
6
6
62190
11
5
3
15
14
4
3
13
5
13
28962707
12
15
3
4
3
7263066
8
5
21
3
5
11
9
30527584
9
62191608
49122252
11873
6
14
87864
9
3
5
431
11
3
11
9
8
4
8
3
5
7
5
3
8
9
3
11
15
10
17967783
6
438
4
15
56589
9
170632
7
7
5
18030344
13982495
7792212
11
24153
13010995
5
16
5
240613
14
3
24205
8
7
12
5
3
9
7
10
3
9
4
5
12
7
7
9
4
28804626
7
3
7744300
5
3
17
14
6
11
11225805
5
7
9
36886431
11
4
6
5
9
6
4
41857160
11
4
12
7
60115
7
18
14
10
5
4855
30918614
4
5
7
5
10
11731580
10
8
5
9
5
7236327
31079059
9
10794043
4
3
8
3
5
4
9
9
10
164706790
8
6
9
3
15
3
8
4
5
3
10
6
3
5
11
27591
5
18
11
9
5732509
11
9
8
5
34362296
10
3
50198870
3
3
10
5
5
8
12
33290286
11
5
8
