65622
1
6
1
18085215
44649
1
1
38710004
1
7926
2
10
4
1
13
1
2
4
5
16005
13
4
49620757
53986249
20000
854
18004409
1
11
103069630
4
7
5
2
6
7
1
1130
1
2
12621469
11348236
5
31
1
17977
13
5
2
10
8083084
685
1
685
1
18041855
10
3
49578461
8
6643
11848
49627208
6
625170
12
20373018
26
14
7
5
1
17
44
2
11339422
15
3
769
10122679
10
17076
4
10
1
5
7
1
5
560673
42
2
9
16476143
9
1
1
5
168362
11
4
1
15
44
1
64850
5
22
10
5738
60756
18035561
12
5
49630042
10
27
4
3107
3
2
1
49642782
2
5
6667
2
108188672
101136202
3
2
49501718
5
4
2
5
4779
1
23054
1
5
5
37260371
4
7922
5
5
750
2
14
7
40
32107
3
35
12
6
11
5
4
16
2
5
3
2
53986249
1
8
2
1
8
5
4
47952284
5
1263880
5
685
101137509
3
2
2
40168483
3
18076682
3
3
5
27
4
7
5
295
2
1
4
1
9275
2
7936989
3
12
5
38007
11213789
9
342
99481035
8
6
19
19
23941
3
1
5
17564
1
1
13
2
439
49612552
4
6643
49645483
10
1
3
1
224
11140964
3
1
87585058
9
14
2
2
8310557
239
1497
5
7899847
3
1
7
38
1
11
14
13
33
1
1480
7937013
11
2
36
1
7
2
1
2
2
12586
49617987
40737812
5
5
4
685
2
2
49642719
1
3
15
18711
49115234
5
18
3
25
2
1
97
17
6660
5
15
6
51
41434
9
23
6
11171783
12
8
2
7924
6
1
18760691
11818155
1
56191
8265990
1
685
49622384
19
8101402
2
1
16
34
2
1
7
11217318
2375
41403
5
5
2
6
1
9
1764
1052
5
5
103
122445012
11
40737816
19
1
2
1
1
435
5
1
867
5
5
3
4
3
4
2
770
3
15
15
16004
227046
49115234
11
9
7
17136
12
1
139352
7
8210
1
13
146674
21
5
5
65
20723191
3
5
1360
5
19
6
1586
8324071
3
1
9
13
7
18
5
12
4
1
8
21461
4
1
5
23
40168497
5
5
3
66
1
1607
7953
92915609
5
36807
13
51
5
11
49618016
218034073
155089664
1
16835
15
40
7894745
1
18060282
10
44207
42
2
11
2
49607263
18033290
3
1
4
339
57008
1
15
2147
3
4
7
28346
25
7944
5
49115245
40172178
16
18066374
18041799
1
3
11981406
30164
3
20
5
11
12
10906679
2
6
4
2
3
50690
160860690
6
15654
8310438
20217
2
3225
7768688
15
145
1
17
2
36
2
49644749
2
57475178
1
49593308
2
5
11
5
1
847
8
13
38288
2976
10918
1
1
5
15
33172
4
2
17
8
11
2
5
2
2259
2
2
18012663
5
401
49701735
22475
3389
1
2
3
1
9
91201488
5
14
3
7
11163964
28550
1
34832584
11348240
1
12041
11342141
2
14991
1356
2408845
19
1
5
35551
1
40168468
1
2155
1
49630198
2379
3
5
5
685
5
5
11197041
5282
56214
25
11
5
11337383
28
2247
19
19
1
1
5
32283
30744531
122435853
1
4
262
855
1
46313661
132
1
7940
1
1
515
7966
422
1
11216000
1
1409
2573142
49709839
3
6
2
6
833
1
34
4
7926
49617362
2
40171427
6
61
8
2
7
14
8283976
15
6171
6
7899851
6643
69
5
1
5
6
1
1
3
1
96614776
28
29371271
17
6649
1
19
3
1
5
685
2
24
640
3
3007
88080763
2891
2
2720
5537046
1
1
12
2
8
685
4
4
18
7
44
625164
244
96192031
2
6
3
2
7848428
12
22944
56777381
2
3
3
3
2
49610851
1
13
1
1
7920
3
37490590
1
2
13
1016
1
19
100037759
3
5
22
2
1
51005997
1
12
6
6
10
6
37259703
35
42500
2
7942
750
41232
3
1
465
685
13
9
4
55
4
10
3
685
2
5
1
8
12
106825
20
465
1
5
85
38710004
1
2
276
685
1
2
3
1
1
12
5
4
7925
1
9
6
1
685
233296
855
21483
4
4
2241
4859
3
8083666
2
274
3
7932
2370
49621778
6656
1
190
49115234
40172179
11266843
2
2058724
3
11475
802
5
17967
2
7925
5
99
57787
2
2
11245283
62491106
20853
3
4
49614159
22379
49617986
5
11
3
6643
7
9
56784
3
1
9
1211
2
5
9
49616898
2
4
1
8
5
5
20782028
3
5
15
3
77360995
33444
2
4589307
31749502
56640
16
4
133664381
3
715
62106512
10
1
1
11
22
3
5925
18
1
47988
5
2
14
6643
2
3
4
5
78041367
44301618
3
49613140
62845
3
233296
5
1
6
1
7914
17
5
1
19
2891
3
4
5
3
5
2
3
7810
3389
15
4919
1210
9
6
1
133594631
2032
16
7
170215357
4
15801
5
46
25
1
422
2
943
1011
1
1
1
1
1
3
4
63432591
49610852
5
855
2
31
5
1
3388
10
14231
4
7
1
415
5
2
27609961
5
24
6144
1
125165928
2
9
11538
11367551
1
25
1
9
1
91847
435
3
1
2135
14
49709964
63929
7
2259
1
2962
1
15
5
38735426
249
739
2
2
7937010
2
1
11286600
425
1
7934
4332
17
5
49615610
1
16
899
18066770
2
1357
3
525140
1
1
2
2
233296
5
1978585
4
7952
214
1016
9
5
16
11471538
2257
26429
2
12
284
2
1
50
6
16815
18192
24
3
21
1
16
25
27116
8
4
24963
438
7
18026859
5
22050111
1
560673
32673
41378512
1
1
2
1
4
55216662
6646
535872
139
5
6
685
3
401
4
5
3
5439
1
3
10
18768513
34715088
3384
1
3
56754467
13
35514
2
50
7
3559
7957
5
49618036
11
49616969
2
56469495
1
21
1
49642998
5
1
12
49611784
6328
3
9
10
2
8210
1355
5
5
1
679
12
64382805
2
1
5
1
1
4
14858403
324
49605916
1
459
14
5
625170
2
4
49708031
20
7803327
7943
5
21
49609354
5
1
2
35551
4
1
16051891
2
11337729
3
54443
49625710
7201
4
3
1
13
49612210
76905
2
244183
12
1
1
2
1
6
562
5
44534631
7
88109
1
1
11
49708963
263
2
33
7923
1
10609463
9444
1
52126647
14
5
19
52127217
8
38275228
7
7
1
7924
52143
1
11826081
10036
25083
2
4
8
5
11164072
4
1
5
7914
15
10
860
7
15
198
133629379
2854
579938
1
5
4
8692
10627531
5
21
1
4572932
23045114
4
8
190074035
1
33
4
1
5
87747
1
685
76956
21
1
12
2718
11
12
44576
18479384
5
1
4
12
49672
5
4
142
11193
45146
7937003
4
5
19
30
49618048
6
1
1
6877
5
31061614
5
40228122
1
2
5
17
17287
8
803
7925
49616969
1
133667986
25
3393
133578308
1
22
10
5
12403
20
2
6
8
9
49644701
1611
5
9
4
2
2
5
244183
8
1
4
2
737
6
5
70724791
410
11141085
1
56181
25
3
14
425
3
2
5
20680
5
1397339
10
21
2
4306051
449
4
1
3
8266034
179085
23385
1
430
49644749
2
2
5
3
4
18090
2
91
8101396
38007
18
49301480
69439
18076681
18041801
1
31
2
22
1
5
1
16
1
6
685
1
93470395
3
3
7
3
847
1
1
1
8
2
2
4
5
1
7
7940
1
8265992
19
6643
11180311
855
4
25
3225
15
2
1
2
3
185
7
1
22
5
5
7
7
182580
11309
11348240
101100579
1
916
839
38810240
7930
180
2
3
14
2
9
136
17
3955173
34394440
13540
1
18034812
1
1
7008849
865
2033
1
1
2
2983
1305
271
4
40491380
10
7071
1
1
13
46
3
16
126
1
25
58
49615958
84447619
4
3
8083668
94683
5
16
7
1
5392030
40168476
13034
49613140
5
2040
6
5
27036
7
8
29
8
7
54848
22
2
4
3
5
116408849
980
34715525
195363225
837
1
3
6
1
34564993
8239675
18966
4
2
1
1
4
855
5
10
11
32
9
2
14
4
2
12
2
9
859
79404
12045
4
18336
49611196
5
1
2
3
190110831
1
9
3
5
2244
43
10915
2
1
2
5
4
8285106
2
14
20
1
5
1
40491371
560673
1
91555
5
685
1
24629
2
5
4
4
1
4
18066350
2
125150013
1
20134
101149056
31971
91
1
2
1
40737816
5
11471
2
39282
22
12
2
49620736
36998
4
84165499
1
4644
3
6
52041
2
4
1016
5
14
1
49610852
1
45903
1
28
5782
13
13
5
4
110669
1
2
62697756
4
1
48598
7917
4
29671
2
6643
1
2
5
490915
1
138927556
5
1
38149141
583
3
1
37
5
21778198
4
52127217
11232996
2150
1
32016
5
4
2
15926
49588823
79
1355
3
17
3
8
11263993
1386
7050
15
5
6
4
49627160
2
122462016
5
3383
1
2
1
49616898
3057
684
138067710
2
6
1
1
22
1
5
5
1
40738311
8
3
4
14
9
4
4
4
2
1
1
40798
1
2
359
5
1001
69117037
26
2
2
5
1
330
3
18
20
7953
1
1
1
7124303
5
49115241
1
35454
1361
5
1350
2
1763
1
5
685
475529
12
34708638
51
2
1283
2
103361
64848
1
1
10
49644749
8753
49605915
2
1
3
186
15635
23340
5
182576
1
25688898
2
4
1
6
16221
4
1
14
2549
4
10
3018
1
1
67859641
14
9
49642378
233296
7931
4
15
43236850
3386
5
4925
38275551
1748034
26
5
79419
6039604
5
1
5
134912197
5
2
15
3
4
21
5
30
5
8
5
1
12
35508
49620750
19
1
3
16
26
10
1
4
860
9
18
1
3
20348
49605931
11818129
4
1227002
4
8314594
3
3098
9
5
1
56734832
5
49644763
20751
6
1
6
23737
38735421
15088760
3
57317
21
1
4
5
58965918
3
5
8306056
685
15
1
2
18077178
55050
104763
1
3
10564
5
10
33
685
1
10
1
1
21
5
31
65852260
2
679
2388
7809
31
1
4
1
13
1
49594309
1
9
1
5
49613571
7
9
5
3
21
1
282
34414971
2
75771857
53986958
2040
2
2
25
10
12
53986251
18
35551
1
452
2889
1
306
2
5
3
13
685
14
2573142
2
8
5
13
3
22
2
18012616
1
13
2
2705
1779
12
10672
1
18041802
1
12
430
9
3
6875
1
1
303
2024
3
6
3
1
5
9
35551
49631060
5
5
5
60
1
7
248
8306039
1
11
5
685
7954
16
2
2991
5
5
7
15
1
739
3
6
1
5
49648
53549
167
20134
1
40
9
1
8
1
349
49617987
2
5
6
11803604
49446423
1
5
1
2
5
49625352
1
7945
5
1
1
1
948
6
42
7915
36
38275911
5
11046
3
7919
6
4
8083225
2
19
16
3
6
3
3104
8
105217
186
1
11986
13
3096
12
31
1
6
8
2
2
3
31061
8
4
1
49998
44575
3
8
685
6643
31
7937017
1
7754555
1
54
41
1
5
5
15790370
23
1
23
2
100037747
5
18
2
5
5
1
19922
1
3
41783
1
5
10878769
2
5
11305
1
1
16
5
8
7925
1
6
2
2379
7969
2
5
5
4
34183
3
1
1
5
1
1
5
21
425
1
1
30432224
3
19419
49467337
27675400
101141547
435
18
2
23502
8
65339557
1
2
7
25
4
19
2
4
1
2
13
1
15
2
3
5
2
11
7924
1
9
57943
2439
51592
1
2
4
6
2155
4
4
3
2
12
15
7
4
4
18126070
855
34
1
10914
5
2
1
9
2564
35551
1397275
5
5
6
1
1
5
2
8
2
6643
11847
2085448
3
12
50045319
2040
1
1
2
6643
18084874
1
16
1
1
5
4
14
47568
6
5
1
1
18
2
685
28
6
6875
2032
49621775
32
2
685
50
1
7936998
1
3
5
132118794
7915
40
4
1
6643
2
2
3
10734
14841697
3
22
23070
1
5
2
1
74853
2
1
4
6
1
67
3
1
1
3
3
3
1
1
29
351
1
52126647
14
8
1
15
40491362
3302
3
1
359
6
2
13572
63754532
11
7932
3
38
3085
5
3
3
2
2
15
18
4
4332
341
16
2
32
2
6
7934
190057778
18068232
6644
40737812
14
5
15
9
6643
715
13
49115241
10
1
15
41
12
2
4
5
229
4
1779
7917
1
40737816
36
5
12
23518
4332
5
1
3
334002
89891473
2
4
3
2
45438
28482
24
5
82204
7
1
15
5
5
2
233296
4
7
18
1
11
1
5
1
4
17
1
15
7077462
7886403
1
2
25
7936989
2
5
5607881
21
1
2
5
12
11
6639
10878798
1907
1
3
21
12282
2
7
1
5695
6643
346
7936989
4832
2
1
1
1
14
62501224
3106
3358
3
18012639
3382
12
5
8
2
6643
2333
3
49642729
1
5
17
138220791
240
5
11
7916
4
35551
7920
3
233296
2
7008849
5
32115046
1
1
685
3
3
6
2
427
3
790
49610852
7789
2
1
5
1
8
7
19
11
1
54
5
1
342
1
1
2
6
855
3
14
24
1
2
14286
22
1
5
2
17
1
1
7923
8066
18
3
11
31127
5
12042
16
855
262
1467232
685
1
92915608
2
5
5
5
18004530
1
65682
3
625170
6643
1017
5
7937017
14
121976
9
1
2
2
4
21
3
3
10
1
1
1760
11
2
2
16005
5
6
1
6
2
21
49620940
190069067
57935
40737815
18
7
5
27463
2
18034788
1
28
1
7937010
49641382
28
1
10
14
24
14
18147
9
50
1
1
2
1
5
1
3
8
5
3
5
6643
7914
3008
49622049
45852502
11822680
4
4
58
341
14
18
3
27424
4
1
3
1
57008
33642158
10918
860
422
9015
3
7936989
45415266
287
6643
5
4
7923
8597
3
1
10
342
3
7894739
1
156
13
36
3
2910718
1
685
1
18085199
21
17
3
3
7935
2024
1
15
5
190
750
17
5
101310
1
74881
2
5
1
685
2034
684
3
7925
2891
7
21
21325
2
929
254
5
7804
2
7807
1
7959
5
5
1
56955628
5
20319
2
1
101143715
7
31
2
286
59192
15
685
9703
34
1
8101388
8
5
1
17982
1
6
1
190057778
1346
5
34582199
4
6643
10
3561069
28477
87125
9
3
217
11
41
57568
4
10
1
4
269
2
8
86893
3
1
50
1
10
5
342
10915
1
5
1
437
1
6
7
49608675
182581
154248702
1
15
2
1
16
544
1
22
5
3007
54116
2164521
4
2
12
2
8328542
2
1
49621633
49620737
2
7936989
7216127
2
445
40172178
7
178
11812254
11
2
7
6643
2
27
94167
7923
1
2
3
10
1
4
3
16
2
10
9
10
43015
30
42919
5
3
1
5
108322
15
34713740
20
6
60754
4
855
535967
6
17
49642719
9442
2
3
4
2
18041816
18076670
32070
1
1
49189142
2
86446
1
7937013
20
5
1
2
4
482095
452
2
2257
1
5
7918
7937011
1
6
9
1357
4
5
16
22770548
1
685
18066350
4
129
5
8
7925
11367887
5
5
11140963
1
41178887
3
8
38712351
3
1
32987387
49630703
3
16
12
5
5
9190197
18073120
3
22974
2
3
2
7931
12
5
1
216
32924903
1
36
277
1
32104
35
1
6
1
27417
685
5
14
2
28
5
1
29
9
49587951
18
1
49642047
11215991
2
4
5
5
5
434
18035579
56762337
35551
14
4050
6
1303
2
3
5
40737816
2
1
10835518
7
685
49605913
6643
1
47579
38709996
56943
101768188
1017
28
2
2033
4
2
2
1
2
18041831
1
2
5
20
1
2
3
5
685
1
11801335
5
5
113437
1
9
8
14
5
49598870
772
685
111690
18033752
3
2
10
1
1
31950
8083657
49612952
2252
1
11
3
4
12
23
11803604
3
7894745
4
6643
1
24
38320
22
49610854
20
5
5857269
5
5
33
303
7946
544
28
1
7
53986251
6
24908
1
1
342
13
10
1
26692795
2
2
1
3
1
25329
2
26426
2
4
78284
1
58
26
1
65689
6
1
1
1
2
6
7950
17
11
2
17416
1
2
3
1117
685
3
2
19
45537684
1
34
59149
61918
49616898
1
11
4
18041843
2886
5
2379
344
115725336
12878
685
1
2
4
6631
35513
3
7921
6643
4841
3
19
5
1
4
1
1
125172686
23
164
34
2257
1
2
12
3
49587618
18059461
5
302
7926
1
1
7008849
1
11803658
1
3
9
5
10
5
2
4
1
1
2
7
1
37826
31
5
1
5
836
11
5
5
10
1
49467352
1
1
9
2
5
65207
1
2
5
11
23
2
56405
16
78280
11295172
2990
3
49609098
8
1
5
8
7
4
1360
8100147
402
4
6
12
2
5
1014
5
182404
49584902
1
1
19
2985
19
4
2
5
14
2251
2
2
1
3
425
11466
1684
95
2962
1
3
738
13768
27466
1
11
93710427
2
5
6634
54
36127
6
5
23889370
6
4
4
7303
1
5
11
278
19
3
19
2
9
14
8
3390
4
7
33543826
28809
15
52624
2
65711
3
2
7936988
5
3
126939300
18076679
170
4
23
95375
25
3
49621451
64831
226
4
1
5
5
122461566
122542
11
1
56718379
3
93286
22
5
3
1
1
101090119
3619426
227146
4
17806062
683
1
4
24
10674851
30495
1
2
2981
1
49645160
16
228
33426
283
70
42762
26692793
78529177
1
560673
120
34
5
14
11549
41
14
1
2
13
2
647
4787
1
2
18
4
4
190065278
51449
1
1
2
4
49642780
2
5
51
28517
2
54300
5
6
12720
101159694
34582210
1
5
1
2
17
93467931
1
1
56837115
4
49115231
8
32199
1
4
5
5
4
5
1
3
5
37256974
162
10638
7
11
18012673
19
16
133
1
1
101161972
3
1
2
7941
1
2
3007
5
10
1
1
17
1
56490095
1677
685
11
1
2
49617368
1395
11232345
49626863
12115037
2
13
3
209
685
11046
16
15
3
5
78
20
4
1
5
1
1
2
5
56945
21
20
4
3
7937015
5
1
1
23107
1
6
157006
182999
35118
1
60428
2
1
381
1
32151514
3
1
38443141
1
5
560673
2547
8328542
294
1
2
21
4
4
1
11
4
5
18077178
2
7008849
4
1
20134
35551
3
5
1
5
14
10
14
4
5
34582199
1
18
5
11
1
105497
14986
5
21423
685
4
12
1
4
1016
49616898
1
4
4
3
10
22
1
1
7838
5
5
1
1
12678
37132390
49614527
8
22
204
193
4
11356643
21
685
41318309
6
5
2
1
261
4
685
751
56477355
3
18041846
28
2
63062915
5
69951096
3
14
53986247
4379
5
468
2
7747047
40168484
685
1
34409
22
5
11286194
4
1
65692
5
1
90487884
11934
5
50901
3
4
5
6656
3
8100958
1
7936989
7
250
17
1011
122546807
5
5
2
10
5
3
12
7926
36
5
7937010
9
1002
49616690
1
1
4
11
2260
739
38275168
5
15
2
1
49605915
27763773
18012663
2
5
18
12
5
12402
1
1
5
2
1
1223
28
49642719
13
8
21815
12402
93
49115238
40168526
1
685
2
49618048
9
1
49642719
2
1
294
6
425
2
57473103
1
2
4
3
21285
18076674
7936989
2972
49621278
8
34582210
52285
1
2
11193
2
1
12
1
6667
10635
7936989
8
33156
65680351
4
1
1099497
2972
145
8328630
49613140
3
6457
5
3
4
49642719
4
1
14
1
303
14126
56711835
1
25
1
38709914
232
1
1
5
5
4
1776
80650242
5
10
5
3394
4
55950936
6031
5
8328542
1
2985
9
2
18042665
4
40172211
17
1
2
2
30252
115
2
2944
16
49616689
2
5
33
49632741
51907
17
22030
6
18041826
2
1
49614159
49609366
1
26
3
5
5
6
68133011
6671
1
1
1
8487
7
2
2241
5
35513
21464434
8
2
64349579
2240
18076671
1
15
2251
49643456
29
2
359
2985
14
2
7
10
52127217
625170
8
30
1265
1
9
1
16
1
1
5
2
40168736
5
28
124923380
1969
860
4
4
2000
1
4
1
5
22954051
1
48667816
40168476
183
3
1067940
12712
2
17076
6
5
2
1
43348
8
53986251
2
46
277
1
5
184
52127217
49618048
84
3
6
35
3
5
126998646
64744
427
24
1
4
2
23
538581
52127217
2
4
6
5
542
18071366
9
15730
45151
3
4
18055128
7937003
14
1
4
49614159
1
3
5
49614159
1
10613803
5
33
15
5
11
8724
4443
5
184
2
5
543133
1
3
2
7936989
6
49613140
5
33104
1
2
5
2
5
678
5
2
7
3007
1
4
49620746
65453672
598
7808
4
1
12357
1611
5862
2
1
2
1
1
9
1
1045
1
142278
2
3
2990
5
1
4
1013
15
49642719
1
11532
6558
5
3
27673139
8002046
2
42
68413310
4
1
5
27
11171793
4
14
1
10
1
10
11194
3
16333
5
11543
18051074
49630030
2
4
2
1
42084638
4
1
16
1
22378
49605914
4
2990
49625103
5
10
1
1
13
1
49642779
49620939
2
4
1
1
37259699
12
10
12
8
7
125177533
3
1351
49642730
1268
438
5
13
14
3
4
8
21
529
1
6
1
2
3052
2
1
9
5
18
15
1
5
4
1
12355704
5
179085
2
96614735
2
1
18
10
325
1
6
2
4
3
2
23568
2
6643
3
6286
11
14
11
60102
5
2
37261728
2
5
2
56626
21
12
15
2034
11
5
166
56729988
5
86072
2
1
20
1
1
30289
18085201
1
7
1
1
29
1134779
3054
5
1
7964
3
15
5
9
1
3
3
5
2039
5
40737816
11
13
33939070
2
5
1
3
8310480
18070024
4
1
5
7
40168497
860
5
1
2
4
1
2
5
28503
1
45683
35551
1
12
11217312
9
6
7056
5
8083666
15
23
1
49606255
18012631
7924
5
1
541
125155280
1
32
742
7
2
8
40168478
1
11
1017
1
5
11
1
2
40737816
49642719
1
3
447
896
18
1
35551
49645422
1
1
1
2
5
1019
1
1
2
6674
1
1
6
1
2
2
18
6
4
1
3
5
4
4
5
23466206
1
5
684
22758
6
3
17089
19772400
1
9
16
5
28
106488
5
2
2
5
5
4
1
3
2
5
3
1
54109907
343
4
37955
2961
5
118251734
59162
5
6
2
9
9
1
16
37744
14
83327438
3
218053590
11794087
2967
4
2
1
35572
18
18073130
685
1
5
19
43760640
123
11
227131
9
3
11
30
1
8265841
2039
5
1
1
5
4061
2
1
4
6677
6
2
2
7926
3
40168476
27
3
7
52128234
13
1
18304
1
14
11306250
435
5
7
28172
11
8
49115234
4
1408
28
668
11
2983
2
13
16
373053
57063
2410171
1
430
59162
2
1
2
4
3
27597604
1
1
5
107982
6
9
10
3
11363089
11340102
49607607
405
4
2
16
1
26729469
65665
1
7
1
12
7910283
2
1
49610852
1
6
7201
7
1
13
373053
1
8
1
6
18041817
18
5
93707149
1
1
25
2
1
5
1
1
18012504
4
11
9
49642718
5
18
3
2
4
1
1
9039
1
89117921
1
5
3
3
2
105141
18076670
2
8
49616013
3
4
2
1
1
1
6
1
4
1
7
111697
1
6298
36
1
1
3
283
26630500
1708
63788732
685
6
5
35
5
6646
2
29
30557390
1
11
6
6
23530
35514
17
5
5
5
685
2
5
5309960
1
23
12
7952
5
57114
2
11
13062
24
1
18090
7
5
11
3
18076683
9
1012
2
1
2
739
62858
49591357
5
49618048
18
25
7886403
18068242
3815
35551
2
5
49201396
49609790
6
49616667
3
1
11818155
509
852581
1
1
5
1
2
6641
17481
21
9
9
781
1
5
5
5
5
53986249
4
38735425
5
7937011
4
5
2
5
799379
38735421
3
36
10
3
57233
684
22800
5
32104
40737816
5
3
101366502
3
49642781
62584166
22
2000
685
40
5
16
7926
40168480
64808
1
2
5
5
11
11343145
49609590
3
38275168
9
1428056
5
10
134911929
18066354
10
2
4
12
3
6
5754
4
49890
9993
1
1
1906
40168483
1
2
103189
10
1989
32352
1
1
4
560673
8001828
1
5
1
11
16
13144
56756514
7768688
43
3
40491362
143251125
30492
3
5
49644765
5
8105727
4
16
2
36995
5
38
49608688
76776
3
2373
1397275
2
3
2
49609779
3
9
7
1
1
1
1
3358
17023
84
1
10326
13
233296
5
17899
3
2
20561118
5
23
19
6031
5
45612
36411
3
9840
63261
1
1
28709262
5
13
1
29145
5
3
101146074
4814
9
40491362
14044
7936990
2
126992873
3
12581056
1
5
5
5
3
6
14
10
1
160716215
12
29295
93001
10682794
1
1
5
10
117121
5
6453
49644749
1
96452
15
1
8
1
33
3
398
1
1
16
1
6
5
1
30
12
1
4
58046676
40168526
18076220
5
3717
33
798
5
7816765
24
42308815
20
2
34621
3389
8210
7921
1
12013
7922
1
267
2
8
1
8
2
49642723
1
1
9
3379
2
44147
2
6643
18
3
750
427
5
27444
5
5
1
63047
340
12
1992
3
1
2
1
5
104650
8
6
2959
5
4
4
1
13
5
1
8460
5
7936990
2
4
435
53986314
9015
1
26
15
14
141831466
14
10
9
18
11340102
49642718
5
12
49644749
6643
5
78534936
5
1
1
1
5
1
3
4
11
14
16
4
18076729
11
9
1357
2
9
7
7
1
18
2
5
49607981
8
7944
4
7937005
14347
1016
4
21
7924
4
21
10478
1
2983
133583047
3
29233
4
1
5
18730766
3
5
1
2259
4
8
1
8
12
685
5
5
6
11
1
15930
49642779
1019
2
41839072
83312333
18026858
2974
16
75260812
3
9
5
6
1
49615641
1
173
428
7
4
12006
1
1
6
4
134916749
49607256
2
5
7937013
3376
2
17872
475529
20
7894739
1
7929
17
3
8
428
227612
1
5
3
40
34832647
6
35551
11
1
4757
5
2
17472
40491368
12
5
855
1
38164586
26564570
2244
1
2039
16613
17774816
2
3380
162
2159897
772
4
16467
11298529
1
72879489
2
2
7
4
5
11807571
113
1
38264911
18
1
32352
408
2
1
3
23
6643
49621973
468
221
3
1211
3
56180
2
9
65676
41328
1
9
4
10690818
121
6643
408
49612567
11
2983
1397280
315
49643795
25
49642775
29128593
3
4
61
2
5
4
49605913
9
3
4
83336535
7
6645
1
4
4
7
5
3
16
313
59
6
6117
3
860
4
7
40999871
7
3
7
1
15003
43641308
685
14
1
18026838
1
3
5
5
4
2982
2
23
3
18
29414
132
9
11
4859
3
49115234
7926
3
2
1
2
8
847
3
1
1
4859
5
5080
3
49642129
4
5
24726
10
10690787
8
28
3
18
6
7
5
69852
130
1
5
4
1
54921
1
2
3
9
2
1
13
258
1390
17666
10
2
5
3
2
3
4
26
2
5
10
4
34616963
24707
3
5
11
1
8
2
2
5
5
6
1
7963
1
13
5
5567
22
73
1
11
40172210
1
3
138066595
2267
1
16
22
1
1
8
16
2029
2
2
5
2
6654
7
1
45278
195
56743866
18076202
2
20
15
2
25
1
2
44394
163910
49708795
6
6672
6
30
1
560673
4
4
15
6643
2828
5
11812254
2
49708963
13
19
4
1
2
5
309
7
7944
1
266
685
2
49608684
12
3
2
11
2
11295197
295
1257
6635
15
12
2
17
49642987
1
1
5
3156
27609958
13
37256974
6
11539
153
16
6
4
4
2
4
352
560673
560673
6
17538
1
4
159
1
2
18
12575
11339420
20
5
8
58965758
142
5
3
11002
4859
49612893
60078434
6
8
6
4
2
38735429
20
233296
15
6661
11
2030
1
1
4
101145605
796
2
6
11532
1
10
14
4
10
10045
49618048
13
3328
6643
7951
24
498
1
4
5
166
44
5
2
175
5
5
125176128
3
1
1
4
36735
11206
15
49111
35512
8
6643
6643
4
18072155
1480
49454124
1
6638
12045
34711399
1
23
11
5
23643457
132
15
1
5
48405
4
15610
11369238
1
2
18
2
685
46
1300
1
6
7
1
1294
4
5
30
7
2
4337
8310367
141954395
6647
6
2
3
1
3037
22166
105159
3
3
16600
7
49578456
14517769
6
7128
2
7
2
2985
6
2
49621036
855
6659
2
235
48890
8068
1
30
33025
49615670
8
944
596
5
53873644
2
10
1
22
4
6
5
29
12
2
5
1
179085
1
2
231
17
32
18012504
685
3
35551
9
1
9
5
5
5
2
5
3
13
2
1
18076671
11193
679
373
11
1
3
5
1
5
13
10016
5
535
28
4814
1
18
6
5
6661
4
2
5
1
4811
5
49709741
44
183024
1
5
4754
11818155
4
1
8083186
2
5
860
32534
16
35
17
12
49115234
7
20
16
59159
2
3930447
13590
4
4
9840
1784
17
7936998
3
718
2
23370
30
5
5
6
936
67634
5
1
2157011
13
5
19
30
5
7
1
14
3
2
29
4
1
2
4
5
739
9
5
5
1
11
2974
3
139
685
1
32479082
1
12
1
18071353
4
18
35267410
1
2
11173228
16292
6
7936989
49618048
5
12045
65702
5
2
2
1
4
7919
39303
8083056
1
3394
5
22771347
2
5
131888563
5
5
2
2
2
1
2
5
78
5
1
4
2
15
13
5
6
49642719
2
1
7799
2
35551
14517772
4842
11806126
2
22
6450
850
12
1
5
106997275
2
20
2
2
54285189
5
13
4
38766381
9
5
3
13
1
7
2
64745
10
5
3
1740117
9
49332141
1
49579483
6
3
19
1
39
2
14
9
2
6
2
3015
4
1
1
2379
228
49577437
7
2
5
11801824
11206429
19
7314
10
5
6
4332
1
1877
2
101139903
15
1020
5
2
49605911
9
4
5
12
7008849
9
1
101
1
23
5
1
8
221
2
64837
3
2
1
1
6
7
1
18297
4
1
1
49642728
5
18
5
2
3
5
8265776
6
11
38735453
7
295394
49634516
4
18
5
7920
3
6
11801840
5
32
11
38275907
5
2249
49612617
3
10
9
1
31
1
3383
4
16
9
5
18
2162446
73
11
13
11195495
8
13
9
684
1
2
715
8
4
685
1283
25
190006734
1268
1
19
5
22
685
1
18035577
2
6
8876
182576
5
12
1
2
1
17832
4
1
2990
5
7
35551
24510224
1
41422
2
1
2
190065353
15639
11
508486
1678
16
11240156
1
6094
5
55
7931
652792
2
1
850
2
231
49626789
2
6
2
1
7
2
49609098
5
3
6883
213
6553749
6
2159896
6
5
4
1
5
2
1
15462
18
4
7926
56637
3554267
6
32
43238625
24379
16
21
2
1
2
5
2
64338
1
1
1
4
6656
12045
4
52806724
2
2
425
8
3377
65
3
4
1
2
40491386
6
1
1
2
5
12
12
5
2223
5
38
5
7916
1
132
73
1
4
9
1
2974
9
10
17425
2
5
49605912
14
5
5
1
3
7936990
1
101159694
684
4
1
28
685
1
143188173
1
30
1
5
4
1
7516317
2
8310255
10
96614775
6
18
5
1
18
17
37
26860
5
1
1285
5
49616969
685
123529
5
31182113
2
7917
3
1
5
49615962
1
5
9
6
2312
652769
2
2
3
5
7936988
3
49585241
49642715
243089
63432748
1
1
17
1
3
24
11
13
28
15
1
56582098
6
20
12
14
1
10
1
4809
14
1
2
7
5
2
9
60018
53986195
5
13
1
1
3
1
15
49630703
31
24
1
15
4
11333651
2
39
56611
18180
126
2
2241
8310480
1
49620938
32202
23
7926
141827642
1
683
198
3
2
59174
5
7
3388
1
1
8328530
1358
14
7781
2384
10
7
49625352
328683
1257
22041
5
49610856
755
1
40196056
6643
14
58
6
1
190074075
40168527
7921
1
2
1
2
19
5
49605903
4
2
9
3
1
4
1
1
98306427
8
2
18
5612
1
5
1
6
30289
6
7
30281
57288
1
7
1
53986251
36
2974
2
7670365
18
2
5
58
2
49605915
3
12
5
174
10
4933
8283978
26779460
3
2
10878798
5
25
2990
4
53770
1
26
49614159
5
3
7941
6
685
134
3
5
12402
2
6643
1
20
5
4801
3
25
5
4
3380
739
1
27683170
1
5
465
2
5
12
8
150
858
2
1
49614159
1
24140020
4
26
31
1
49626891
10
2
3067
5
170834
4
2
49121561
190057781
96614748
40737816
342
1
2
1
851
14
3
312388
7925
11
8
5
5
4
156
3
3
54563781
1
1
2
756
1
1
38249
3
1
23
5
1
3
2
10
378
2
30160
18004542
4
5
3
2
178
25
49575740
5
1
36
12
5
4
49642379
1
121343
5
14
24
49614159
21105473
174
16479336
10
5
2
2
32151855
17
5
1
222708
2
12690
341
1
83323941
40168467
10
560673
1
26832676
2
4
6
5
15
41
153
35551
625171
49612792
49615612
16
1
2
5
10
5
159389362
2
4
2
4
720
12
12
6
4
2
2
5
8786
11
1
6
3
2962
68658545
1
5
5
60680394
4
90336
1
9
1
5
67859649
5
2
16
3
1
32091
79733
2
7937003
4
40168482
7795263
14
32
465
7937003
7
17
1
22767
1190
3
5
2
11315558
11367887
19
3
162
2
685
5
1
49642719
2
40172178
2
2
49623408
18076682
8
8
684
3
16
26426
3
5
3
2
1
38382838
49586255
143221474
5
4
2
29
1
45830920
5
1
4
3
190030280
851
16
428
2
4
10690818
12
10
3920207
5
1
4
3
49701737
457
6
5
49605915
2
1
5
4
4
8
23
5
8
49618021
49644754
45614
4
4
6
49620938
7
7925
5
55
2
50
10023
17
22084025
1
13921760
227146
1
2982
2
5
3
2
1
8081118
18076679
2
4
5
2
3
1
2
4
5
1
13
4
5
52464748
7
1
4
6
5
8
1
5
49632831
23
1
1
4350
1
38281328
5240
4
401
1
1
4
56711821
9
57322
1
13
11
3063
2
1
6
6875
5
10778
10
3
2
9
2
560673
54340
5
4814
13
3058
5
8
5
342
6
5
10
64140
9
4
342
53986407
5
1
11818155
2
929
11806142
6640
3
1
14
11524
1
2
6
2
8
1
2
1
177
11
1029224
1
139728
2
13
92
17
11239399
3
5
2
1864
4
5
2
15850364
366
7657327
42270
4
3
11
2
18026853
38
2
5
2
2355
5
16
3547
6
1
5
2
5
101112483
6
182580
49605915
1
13
860
2
5
17
10
6
1
1422326
18
18
5
5
12
3
5
2981
3394
86471
1
49609348
1
2
2039
2
1
18073134
9563
1
4
17291
49642719
2
202
26
18086356
49611786
15
4
1779
2
249
34832645
1
3019
1
61
10906678
5
7941
5
125161302
32
2
5
2
4
685
2
1
3
9752922
2
7933
1
3376
685
7
2
2982
2985
13
2
1
7945
22
8
1
4
1
2
1
2961
5
31
56744207
2
2
5
5
21028
3
2
2979
5
17986
5
5
5
685
69
2944
8288317
6
5
3
8
49115241
2
9
5
1
46
1
1
4
33102
40492730
106488
2
7
10
8
49613140
18
6643
3
18086666
51
49608688
7951
4
8114
5
49614159
17424
49632838
40
44566
16
2
26692806
49613299
190093467
8
4
13
4
2
8
5
5
1
9
1
21
3716
1
68352717
5
873
5
2
153
49629852
7
27673140
14
3
5
1
12
2
15
17
7
1
14
1
13
7
2
14
1
2
2
4
40168476
5
5
7936972
1
8
11
1
14796866
2
49642784
5
4799
7
8
5
12
222
2
8
5
38339359
1
28
3
2
11208626
2
11
2
5
6
18041711
10492
4
2
28
5
1
2
5
6
5
7934
2
347540
40
1
5
2
3071
1
1
1
18040082
6
5
22489
1
2
46
33972
11366541
6
2327
2184
2283
852
2990
1
2
685
70580298
2
49613140
1
2
17
3
1
18175
12
17
1
1
28827
7935
49609779
7920
1
92
2
37
13
1
14
2
49646112
3
739
1
2
15
3
2891
1
11
1
1
2
3
5
18
16
49709575
1
10
30
7
11
5
7
11
22
1
855
27
11033879
1
12291
1
18041802
36
2
49642719
49616898
685
1348
9
2
2
16
1
1
533672
6
5
40172186
2219
2
3
11818155
5
33
2
2
29
9241508
64861
13
2
49608686
4
1
41181915
49644749
1
2
1700
4
2974
3
2
989706
2985
163
12045
20
6
35
49621278
2
7008849
2
4
17
2
18004528
8083206
858
1
7
6
2
5
1
1349
4078
1
4
5
2985
8
5
29
49642779
10
9
49616690
23
681
3
14022754
23518
850
226971
49612619
1
2
504
1
11
1
849
3389
190069076
3
5
34
4
7
45614
861
7
2
1
1
14
18041826
1
33
56198
6
81907
126
1
45
3392
1
685
4
1
1
1
4
8
8
49708185
3
1
11
8144868
2
30
2
685
15
1
1
214
5
5
3
3
1
7
1
3376
8
3
1
12
797
61
17641870
13
18
35227
3
4
2
16
22
5
1
2
11169460
29522145
32
10
1
227043
2
3
5
9015
103
78288
49642719
15930
4
11806019
2982
1
5
10
801
18025956
5
49611764
28
1
252
17
41434
8332773
13
5
3
1467212
93468717
5
4836
17430
1
10097
11340102
2
2
14
1353
1
186889
44646
3
1
49591356
1
15
5
3394
18004538
2257
2
6
2
37260371
2
6
1
23
23
3
5
7894739
2
1
31784
4799
9
1
2
6184
1
5
1
49615171
7
8
677
685
1
1
1
7
14308
5
8
2
5
34582199
3
49623404
49584901
62294722
16
5
3
19
3
5
1
40168468
13
7
4
3
5
87309
5
3
12
5
10672
12583
17392
27
1
27673140
836964
2130
1
5
49115234
50229765
3
5
11
1
16320
4
2
6
3
8
1
1
20
28
11217707
16
1762
1
250
2962
3
1
10
6
1
2
1
5
3
2
2891
2
72
5
11340102
4
1
1
10
5
1604
5
5
5
18012620
2
12
250
5
5
5
2
103281769
15732
13
19
260
49616969
7008849
2
7
18066770
5
5
1
4045
1
6
16
3
1
918
3
3
7957
1
1
3
1
2
1
5
49605915
12
5
7
1
2
12
35
7937000
3
11
5
2810840
850
22
49611778
1
230234
1
1
10765
49588629
16
1
18860
8
3
3
4
30
7945
22242864
1
6
38266022
2990
27456
10
5
5
11265
19
1
8265918
286
9
2
775
5
16700
31
2
49612573
3
4
15
1
12
428
5
38735437
2852
7
4
2
2946
28503
1420
1
4
38275168
33003
428
1776
4
8328545
2
2
14
35
5
1
1
3379
1
1
391
4
80806094
4
134911921
2
340
5
1
113419110
2
6
77851
1
5
3
5
853
3
11
97
11
89
10
851
14
7
2
35511
18
1
5
1
1
19
3
5
5
2
35551
1
11
14
35495
5
284
49710062
2166009
685
3
15
2
13571
6643
1
1
30
1012
1
11350958
1
5
17862
13219
5
5
8
49
2
1
4
18076217
2888
40
10
27
1
21
83578
12402
15946
40168480
12
1
5
1
11
19
26
101390462
5
46
1
5
5
201
62466872
5
24
3
1
76694
5
5
1
490
93469199
1
5
24
6
125155273
1269
59162
49617986
685
1
11
5
2
7
737
21
14
3
751
2
17986
10022
2885
7
13
1956512
4332
28
4821
4
1
5
7
9
560673
1
276
1
1
1
25
1
2
3
11470
61922
6
1307
5
11
10642946
2
2
5
6
3
55
16
10
7056
1
28
49625352
422
14
5
4
10
22
49642719
5
40168509
7795282
9
323
6
49619919
12402
5
10
2
16
37266461
3
20
860
9
49703947
1
10
409
5
25
1
4
49616010
2
2
4425
14517768
2
2
1
2990
12402
40168492
4
1
9
2
1
4
10
9
10
2
1
11
12
3
7928
1
1
6122
30
831
3
3
4
12
2
4
1
40491379
3
49594325
35514
9
1
46
8
1
40207
22
21001
685
8
440
4323
1
2
29007
9
1
5
1
847
11
189
1
3
3
6
5
15930
5
4
8
1
1
5
1
8
6
6
11
1
5
3
30281
5
1
3
1
3114
847
3393
6
18075372
7
14
7
49642719
3
2
2
6643
2
3949002
10
7937008
5
49608615
30067729
3631999
2
4873
2
281
778
1
15
5
64264
49613140
16
49616969
5
5
2889
11801230
33
81848509
2
5
1
1
1
36723
14
8
56169
7923
6
12
49612551
1
34357291
32
1
11233573
1
49203
25
2990
351
4
2
860
5
9
5
2
6
6
62212933
2
4
70
1
1
38714770
16
2
6659
18
2
4
465
23
5
2944
471
2
10
2
8328533
2
8
13
190139890
49615670
27467
18084006
7
10
2
1
2
5
1
49618048
19
49617365
5
98
135976221
2
848
11
12
3
10910
3
1
49642450
8332773
16
27509
2
17
11264000
13
5
49577437
49645490
190015287
5
3
4
166
13
27
8
1
22
2
26542
310
62501392
8985194
2
16
10
16
2
17
1
24776
84168741
1
787375
8
1871
3
2
42
233296
1
685
17781
11367545
1
1
2
17023
3
83331459
11803605
3
1788
5
2
18147
2
4
5
1545837
17567
3
2254
12
1
4032
5
2
61456
1
67048
3
106656205
1403
727
6
5777
10043
1
14305
2
5
8
1240410
2
332
44562
6643
2
1
49577461
6
6
1
1
739
125159268
4
14
4
1
7310
2
49586255
1
2
3
683
2
715
2
14
166
282
27
4
390
5
8
18041799
5
1
342
3
2
8101396
9
6
21
2
11193
2
851
1
5
2039
1
1
5
5
11
38266959
4
2
6656
699
2241
1
32
28
4
1
38264989
5
11848
1
143221736
17416
10
2
8265985
2
4
3
5
4
5
4
34715435
11343145
1
8
1
178
685
23
1
6
2
49629441
3
25
1
685
35551
5
2
2
1
1
2
8
18007843
8083668
6328
10
4
49620761
5
5
4
25
18
4
163
49709617
1
6
11
2
1336
3
1
2
3387
129
20609
4
13
53986314
30168
64261
2
34350
2
20
1
3
1
401
4747
6
298
5409654
5
133581334
685
25
2
49115231
2
89772161
2990
52127283
7944
11330878
6
49614590
3
2
40168476
79417
14
5
133577877
166
5
5
1
5
1
680
2
13
7
1
2984
1
49641429
35551
56837110
7
2
2
1
1
17
717
14
3
35551
83329168
53986246
12755
1
10
1
437
1
1
5
2
84708928
2888
49642450
22893225
9
2
3007
49642779
2
1
5
679
18035341
7
2
1
1
70570
1
216
4
5
21
10
3
5
4
4758
19640
12402
16
1
93467956
76905
10012
5
37249632
18
5
450
3
35
3393
74744552
1
256
40168480
5
2
10
3
4859
5
3
2
4
2
33
3
9
7
40168471
1356
8
348
4
5676
6
5
5
7
2
49611101
18038833
1
35551
305
1
13
5
4
18
22
23
7
49621973
1
1
3389
2
4
11367882
64511313
11
4
85584
67859641
32583
4
49964
5
1
4
67713455
7
40491362
2
5
16
5
156
7953
1
533692
6
7945
956
96640746
725
4
3
49642783
1
4
9
1
49585211
12
3667
8310476
3
13
1
851
1
4
8101402
1
49642719
847
7
850
7
4
5
1
2030
17
398
49644749
233296
1
113
281
1
35551
15
784
1
5
1
1
1
30273
3
4
40168527
62501410
1
60682857
21
7942
1
22
38
1
38821805
1
15
5
5
112811403
24
36700
1381
2
2
6867
94723
3
3
10613793
19
229
59881471
1
49614159
3114
213785
3
11173212
22
1126
5
11
20684
1
1
855
13
3713704
7
113783
3
5
4
12
2
18066770
2257
2
21
3
11
16
12042
14
6
1730034
13
26100
2
12891445
7923
6
12624
40
4859
2
18
2
685
3373
4
3741
2
182575
2
1
11844605
8
13
3
21963698
2972
1
2
1
3370
6
2
755
2
6
14
2887
7941
35551
5
1296
69
1
1
12350823
5
2
1
8
6643
16551
1
49642775
18012615
1
852
5
25083
2
5
19
8061385
5
49765
41790
11818135
2226
21
1
53986251
41833
15
1
1
3
30
15
14
14
10541
17076
3
989807
3
252
17986
1
7
2
5
53986241
12
27462
9
4079
20
2991
2
9
12644
2
2
9
38
25431
37256974
3
5
3
7657327
1
4
5
2
7915
5
2
54
1
1
5
41826
3
190005648
625171
78442
2145
6117
35500
18
22
302
5
131541307
1
25634
14
4
591
1
190029425
7935
3
24
10
6
1
49605915
4369
5
14970
1
4760
4
4
5
3
4
12
2
26
45838184
5
2
2
23059271
3390
9
12
18
4
46697
2
4
2
11
4
1
1
7
1
767
5
559
929
4
6643
1
18033798
1342
11826081
6
2275
10
4589307
12
2
1
6651
1
3
2990
2
4
20
4
1
49622724
22
3
49621742
11
1
1
21
6643
49613140
38735419
1
2985
2
49632834
2
1
1
229
3
2
7
134916729
81848502
5
15
5
1
430
18010899
6
1
81358
2
2
1
9
2
11
49618048
12
130
3
18076206
8
11348236
7
2
6
3
1
22
9
17
7949
1
12
560673
2
5
1355
2
15
1
13
22
2985
2
11794265
14
4811
1
19944
4
16
5
1016
3
4
27
2
17
8735556
5
5
1
10178
66198826
1
203
5
5
1
4
2240
40837569
1
49617999
56490093
5
11794259
182992
180
22
156
3
9
16503641
9
2
7921
6643
85843830
11348238
26692786
5
24
29
426
2
1
685
22464
22977
7937014
3
6
28
2
430
1
10
9
40
25
5
3
12552
1
89702442
8149040
731
5
1
5
49605914
8111
18076669
2962
2
3
1
10
9
13
9
101123504
9
41232
18073105
1
49115232
4785
3
5
36127
2
1
8
3263037
7
10
5
38166926
1
10
1
5
1
21771581
1
2116
17
26430
4
845
2
2
1
5
5
95540405
149318652
7508
18027363
2
13
5
2
384
29
56626
1
27655550
5
53242161
7
53454
5
1
16
34411
6070
6
2
34202
12
2
4
36737
4
566
4809
49624147
11340102
6
1
19
15118
3
1597
468
685
5
1
11
11499079
14
5
10124037
24873
7
9
7926
214
3
9
1
4
4
1
1
3
2
65852
16
1
6
7
35551
5
56601
1
3380
24
6
9
7
13
5
14
685
1
7
1
5
28804
49115234
1
41329
5
41
38911005
12
7
1
6
5
1
5
1
6
50250
7
4
18035516
1
5
35570870
34
5
2891
8283976
21
295
2
16
272
40491363
60
2
37
21
39536
2
17
2
12
6
38735421
4
5
5
16
1
1
5
341
1
1
560673
7936989
105450
3
8
19
2
189702151
21
39381
2
1
2
2990
685
52126647
7
49613574
118
3
2
2
18300
1
5
1566
3
50
25
6
7
5
7937019
1
2
11
1
2944
3507
2
2
7939
1
8
1
1
2
714
13
6643
21448
12067083
4
4
1
2
8
4
9
40491362
12
26
7
12045
13
5
3
1
4
34
2405447
1
19
18
1
52309
49621272
1
108747839
35
6
685
7
15
1
5
49617364
1
2
32
4
2
19486222
5
14245
1
14
7926
4
21028
3
13
3
2
2
1
5
2
14
91548942
3
4
101125501
4
1
2
2
2
1
1
1
7953
12
4
1
11340102
1
5
10
7926
26420
3
5
1
1
2985
1
4
225958
5
5
5
9
29
12287
25
18084329
20
981
4890989
49617364
685
5
17
5
1
35551
40491362
3
16
395
6
26426
1172
12
1
9
62880
11260679
7925
5
5
5
11956
2
7
750
18
1
1359
3016
685
12
1
7936988
1
55771
6
41403
15
5
49709031
3157
11
5
15930
1
1
7
1
1
2
2405447
5
4
7
7
2
1
19
15
4
27
4
2
4766
49624012
4
4
62
5
5
12
6
5
21527
1
7919
1
12
12
108558686
5
1
1
34992473
2155
1
10
14
465
23077
8
24
42
1
3234
2
1
1012
12
11284240
1
1
13
190036516
138
3
51
684
5
87661
5
5
1
35514
1
5
1
5
28620398
1
449
8
1
2
60
18041832
1
15
1
3
6
2
17
22
38279576
35514
7
11621089
27
335
52127259
11
7
2008359
14715
2982
6
474
5
22473
7291168
11
41
5
2
685
18012647
1
5
15709418
10
5
1
1
49617996
1
3
558623
1
5
6647
22042103
12891
158
11
2
54
1
1
2
2976
1
5
1
5
1
32202
1
761
5
7
11
4
9315257
8691
13
78
2
8283964
49621629
14
2
786
5
2
5
2
14
5
23
4
8101404
13
6
7757
3
383
11
1
2
5
3
6
9
49614159
3
2
2241
6
1
190
49115234
1
5
4
18
5
25
38275086
38
8577
1
49611532
73900860
10
38149137
5
32390390
1
120484977
8332766
5
3
14
264
273
5
3
2
685
30372283
402388
2
5
1
4
17
5
10
4
8
589
93314381
17
4306051
943225
5
1
1
5
21
4
5
1
2
1
105307069
1
5
27
3
4
2
5
9
15928
3370
92507
10
12591
5
6
2
49620949
6
6
5
1
49626871
12
4
91796
1776
171160634
3
2
101351745
401
13
3
14287
6
1
1715
11261481
5
2888
10204108
58281581
2
1779
5
5
498
1
14
122495786
18027373
49644342
11336709
3741
1
2
6643
5
1
4
2
29
2
30
6
4794
1
1
462
1
6
6
49616898
146226
5
13
5
38369371
11
2
7936990
1
49616677
13
7936989
1
1
59050
5
51867750
18
19
2
49670
860
49613138
10698480
471
1
1
1
15
5
2
7768688
18041797
16018169
5
2
21
96274693
23442944
49615674
11340102
21
18
28
19
124
4
2
1707455
130
685
5
75
3389
4856
35050
189784370
20
13563
1
8083206
8
4
1
1
1020
1
6
49611101
126465150
4
3378
6
2964
441
21031
8
49616010
4
9
2
46258
20
11160521
10
3554249
1
3
4869
1
35513
1
101142609
125174855
3
851
1
1
8
2220
29819
2
1
31964
1
27
681
59511
172452104
2
2
12
5
28
3
49643063
1
5
4
12402
14
18
9
10764
8
1
13
5
11197195
1
1
416
2
259
3059
1
13
10
3
1
7
3
3
5
1
5
1
6
101768188
5
15727
1
52126647
8
5
3556267
5851
5
56812
1022
560673
2
15
5
4
56739417
2
2
1
1
49614250
2
15
44623
1
5
2
54921
5
3
24
2
14994
4
2
2
49642719
9
4
19
1
5
4
1
29
4
21
57
1
49642719
4
42295
49607257
1
3
6461
224
3
49605900
1
5
12
5
5
1
1
9
830
5
1
5
7932
2
5
2
5
2
4
1
27
465
24
106
5
10
20672
2
20
7008849
2
17
2
11801530
9015
514
11210195
6529781
16
59156
93359507
1
5
7944
685
2
3
14
2
27
10
2
193
855
1
1
2
7
18084331
5
9
5
5
4992
1
1
1
3388
5
3
1
11532
2
1
1
7925
7
40
58
21
6
2504
4
18074899
14662325
5
5
1
1419
49627153
2
2
4813
772
21
23
18041818
1487
2
3
5
6643
6
9
8310438
5
13
1
49614250
5
468
5
52126647
5
96614755
49612615
2
11
337
1
6328
15
441
40737816
3099
762
59120
5
14
2
10
3
40168526
19426
1
28
2
2
927175
49616691
46
10
6
34680315
15
4868
4
1
854
1
1383
1
2
2
50004
1
5
5
1527
5
5
2
1790
15
24728
5
1979
2
2
12881893
7930
1160
3
1
677
1
38274828
57709
2
5
1
1
5
356
1
1
23120939
2
13
12552
6
7914
472
1
5
2
49616689
1
8
7
49629432
5
63772157
851
5
2
31
1
2
49644739
233296
23509
6
29
1
13
9015
11
1
3452
27
10
4
47329
1
49622070
43
4
11
10033
37261728
1
93001
24766
7920
2
3
1
6643
19
9
4
2
11818152
8111
890
4792
12
2
341
2
22787129
156
19937237
44062737
16
2
49621776
49616290
6
5
21036
5
1
2
1
1
2
2
40737816
1
850
26
26
5
3
10
15
1397280
11806120
11
4
27
6
2
1
1
3
6657
6
38275240
19
29
1
2981
7926
2
71283
452
8
50826290
4
678
37
1
5
100036513
1
2
22
1
1
3
62417354
2
3
1
49722830
2
1
6
11
17
9
6
8328542
1
2
98586
5
795
6
2
5
856
1
54814
4
13
5427
1
9
5
7
6
2
1
49620750
5
1
3
13
1
14
178873861
1
2
18039547
3
5810
8
4
12055
6643
13
685
1
5
529
3
52127275
2
5816
2
6
1
14
6
5
4
17
4572932
12
14286
2
1
2
15
40737815
4
12174936
4
14
18076673
10
5
23
11
2
56912
101139900
2
14970
1
14
142278
1
6090
5
2
2
35337333
244
2787
21771581
1
2
56168
1
5
5
16
870
11
49708837
22
5
1
5
16
52
233296
8488
5
1
3
1
1758
11822680
3378
1
5
5082
14517776
12
3
1499
1
11
1
49642719
12
2
36700
2
45611
5
5
14
5
58489541
2408831
5
1
10
2
37837060
5
3
1
74843
1
49605581
5
40168468
5
2
23
49609838
5
10
5
25
65637
5
5
860
5
1
9
23384
20
36127
5
10
1
4
5
3
46
1434
5
5
3
2
1
7740
7
181340723
34618
1
18033787
54274563
190005659
57136
6041
683
6
9
5
40737816
101135736
12
1
11209008
3
50044709
2
1
12
1
5
1
5
2
25021
9
2
1
93828009
15
3
2962
4
1
70406598
19089
2
18058394
6897
1
61483
75412448
2887
8
154
231581
7
77160300
1341
2
2
78234
5
4
3
11193
27
68229770
1
7763
6
2882
1
4
4
32
3393
12
56444748
2
35551
6
2972
32283
5
5
190093493
73105
49619919
9
2219
4
9
7937014
1
2990
2
5
9
1
29493449
17
3
9
19
1
97
11
17
593
498
9
1
6
2
1
4
2
13
2
678
5
2
1
7
536
1397278
2
56734047
5
5
4
2961
11205027
3
83329168
989
4
67050
4
1
151
1
10827195
3
6
22379
2
14
4
1
5
4
2
8
1
7841107
1
60608
37820465
1
5
57324
5
5
18061675
13013419
1
5
1
29
21
4
3
11337729
739
2
1
49619919
3
28
5
1016
10004
1
1
21
2
3383
476750
18
4
18041788
3
2
16
7751
1
7
1
1
1
1
16
13
7
1121
9783354
1
5
849
32
3
19937237
7
50230706
6643
22379
21
2
2983
733
82256811
12755
7
35514
49618048
44155
1
945720
1
855
9
11
21661
27981950
6
4
7924
15
2
26
29493648
685
97
9
2
7
14
34117409
40168475
14
1
4
2973
1
3
27673140
7
6
2257
125
17
4
32534
14
2
6
1
49710493
5
10
5
1
1
4
18027377
10
5
7937003
1
49608819
3
90450370
5
16
22
7936999
1
5
49612611
11
891
5
3
6646
1
48399
5
33
25
1
2
190165226
1
2
1
2
983
5
18076672
1
4
5
64765
5
735
17986
5
19
3
1
1
49608096
4347
1350
5
40491362
6643
2
12188
11
9442
2
5
5
13
7945
2
28
1
14
5
1611
875
10
1
737
17663
2
5
5
2
11
3007
2
125177614
1
1
14586
2
138
6031
5
49616625
3
22369
410
2
13
3
1
465
1
49641430
23
5
772
1
1
248
208
5
10
1
1
20681
1
2
1198
12095
14025
1
1
2
21
2
51662
2
49115234
5
342
5
2
1
3
1
49612958
35514
13
2
1
328677
49612120
4
5
1768
52131
2040
25295474
3
1
6
252
3
5
133568770
2985
3
49612951
44571343
1
59162
1
1
62010
31946
2257
18
12
2
13
49709246
25
12
12483
2
6
1
1881940
5
8590
11
3
3
1
16
3
209
860
5
1150
49617369
11818152
5
19
49625715
38294
3595
3
49
9445
1
1
274
12
1
6677
4
9
22
1693
20
1772
1416009
4
4
14287
3
2
49621631
3
3
1
1
203
3
5
5
2
5
25
13
3
15462
21025
7886400
1
5
676
34568569
1
22717087
1
18066362
35551
49611776
5
49621775
1
22
5
683
44
2
8
7
1
2
5
1
70
33738154
18034840
49614499
6
3007
6
5
18447
6
10
19
1
7752079
11173684
5
160
2
1
1389
4
63253
5
5
532
5
53986249
1
13
5
5
5
1
1
64838
1
1
1
2
49644749
3
17
3
1
9
7
5
1
4
6
49582195
14
10765
1
4859
2
20
6635
26440
4
3
1
6
52126637
2893
49611776
22
4464
4
2
2
5
18123
1
1
20679
1
18022996
37258676
5
49614930
1
16
15
4
2
19
18012606
1
2
14
18026862
24
4
40737816
21
1
2229
304
2
1
12
1
2
29120624
5
8
2
18034545
15
1
4
18113
7936989
752
4
1
557
1
1
11132885
1326
2
47988
1
2
4
182
40331
11190165
244183
1
2
7
16
4
18073120
12
2
13
3
1
40
49625100
1251
5
5
49528668
2
134914926
6
35551
2
12
4
781
390
38264989
1
27
2
49614250
9
23
1
49642719
4
846
6
850
1
2
13
1
28
15
40
10
2705
1
28
3
2
342
1
1
71403
5
6
6
1609
275132
1
2
41417
1
1
684
1
11
49625352
5
1
10204098
5
750
40168471
6643
49642719
164
1
1
1
5
66
134916748
49616972
1
483303
5
1
5
4
16
6
52916316
4
13
1
1
1
1
2846
6
1
68
11818155
6656
6643
3630048
1
1
2
1
2
5
18
3741
27
1
1
40491362
3382
3
2
11140966
75
236009
9
11337400
56831926
2
1
5
23
2
6
8487
1
4
2
2
6
24
11193
5900226
554816
7
5
1
685
3
3
5
1
4
5
7937000
40168479
1
1
3
2
49588290
18076675
1
4
2
846
1
5
88572396
70954
1
8331026
5
2373
7936990
5
1589
1
685
5
11
5
1
57710
5
34582210
4
18041830
260
22
5
1
44159
23580975
2
233296
31955
5
233296
92
13
49642719
5
122368824
2027383
31554267
24468
10
5
4
132826519
10931334
40737816
2
35
11367887
5
11
5
4820
51620
21
14
2
15
2880
3
5
30492
3
1
21
10793
22
49611160
4
1
1
1
21296
73392
1
139
330
1357
1
1
3
5
5
5
101
9
3387
14028
2416647
1
1
38291
1
3
35551
20
4
1
6
6010
5
30487553
6
6
9
16
5
11
103445
2
1
11337729
15731
685
5
1
41452
1283
5
28714170
2
56775
1
190068438
1
20
1016
1
5
1
190029425
851
6
4
1
12
7
1
72047
2
9
2
293
18076
21
18073130
5
3
331
6643
25770
520
5
5
46143015
4859
20
1
49115241
263
1
94653
5
5
1
3
49612799
1283
5
5
739
4
1
6
49644749
21
12
5
1
64838
2366112
18041833
1
12
48578
7936989
233296
13
40169246
8808427
1
8
1
4
1
168050974
3379
23
454
2
46
5
4
7974
16
5
23
11
36989
8
5
18071351
49626863
1
17986
855
106309620
3
2
2
5
4
6
14
7881
2
13
6
49642779
2
11
28848
55757
1
52126648
1
3
560673
7919
1
1
2
9
5
40737816
5
5
2
78534936
3
18035969
7
5
27462
2
1
11
8101373
1
5
5
1
133
17
13
20211307
11
1
5
12
4
4
5
5
685
2
3
14228
1
5
38735437
18041847
1
10
18058381
2
1
5
40168526
49611871
1
6643
4
2
1
249
1
10930636
1
1
685
12
38266958
1
83331456
12
18041818
18012487
2
21040
1
1395
18
8083670
18012616
5
1
4
63772145
31
831
121556
4
2
2
657
80
1349
38769113
9
7921
1
17
2
2
1
49614601
5
1
6
4
5
53749
38735437
5
1
3
5
1
2
348
8
490
1
18123
6192877
13
1
10
22
2
11
3912
17
2
1
18171195
17980
1
13
5
5
25
5
341
14347
3
1
7
1
3
1
93813228
7
4
49623126
8
2
1
1
18066598
342
4
161
35551
9827
9
8310558
35511
4
3
8
21
7937002
17
39
4
6646
850
30345917
941
37
40718502
1
1
8
18035315
7764394
3
24
6643
4
3
685
4
30
9241505
12
2
1
2
19287
28
9
54921
8
4
3
5
5
2
2
752
138
1
7918
5
98594
1
37
5
4
12
18067240
1
11166400
131
1075
4
13
855
237448
1
18057654
11
1
29
116
1
5
11806138
1
3
5
3
5
2
11822680
308
6643
2
4
685
10
2155
1700
80
17
6
2
1
2
15
6
2
1
5
5
16
4
22166
26012
4
6643
5
2
5
6
16
53584078
1
4
4
5
53701
56444748
1
1
1
5
107981
17
111675
7
50
2
1
2
3
5
49614159
3
1
1
49616290
1
1
465
18
2982
20166
5
5
70
8306249
5
2981
40846585
1892753
2
3
571
2
37659
22
14
6
2033
44207
1
4
1
43
3409
22850096
1
11
5
42
15
499
12
1
24991
5
2
190044537
75771806
4
108472
2
24
1
9
35871
1
19
2
49621787
529
36998
2974
787
4
18
3
2
315
94028
1
5
5
1
1
47761793
22
18050
19
4
420
1
8
12
9
27145216
20
6643
2
45903
2
38264644
2
1
1
132141081
5
2270
2
2
133591401
56490107
4
1
108231083
2
38275077
2
38264919
49642718
49611158
1
2
4
10
6
7
2
3
22
2
1
19
5
2
19
40168476
11
2
2
9
1
32099
5
685
2962
1701
1
49710062
2030
4
2
5
93470410
2041
6
2
30
1
406
2
7
685
5
15929
138
2240
449
7125
1
2
12
40168475
3
29789467
2
17
21028
1
6654
18
7944
2
1
2
18147
2
14
2373
5
1
57
1
5
1
2
4
1
3
17
2
49642450
8
1
2
6643
2
11024
6
1
29665
206
3
4859
5
5
20782023
1
9
4
5
82512
3
12
7437022
1
49613631
342
36607668
1
3
7936989
14
14
49612897
7929
5
49642723
2961
2
34414975
18
166
10
343
5
4
31
4
10
5
6
851
5
14367
4
2
56177
4
3
1
15351
2
8
5
2
7
1
1
1
40168498
5
1
11
3554267
5
560673
12
1
25
1
2
4
1
49642766
13
1344
12
7
24
2
47924805
7936993
11
1
2
49614590
1
218013399
1
685
11198905
5
5
11
1
1
6
200
27
35
5
56824855
1
15801
13
5
4
7071
10
4
2
9
5
27675406
4
6
31
73
1
2
8
18078028
14
18
5
1
21
3
11329853
1
1
2
1
17978
1
1
1
1355
24
13
7925
7
1
2
7937003
2
198
2
11
43418021
5
52129
5
2039
12
13
3
5
4
10726287
433
18088448
7
5
22
34890
7
18
1
83
35495
1
6644
1346
679
17
2
25
1
21
13
4
1
12
94385
33
23
12
11
10930
3717
2705
17
25
93469878
33
7657327
8
99
10
10
2961
3
29
5
4
7953
2
4332
5
2
1
2
1
2
11033658
2
37792
3453
17
2033
439
56973
1
8100718
1
4867
5
1
11
2
2241
2
2
1
4
1
5
1
5
18176
1
5
7039
690
3393
3
59
1
2
5
5
13824902
5
49710441
57008
3
1
2
3
688
1
5
5
2417678
52
2
24
2861106
19941
29
21423
1
6
3
5
4
18
2
12402
18
1
1
125177196
3
434
7071
101158518
3
2
5
7937000
1
5
2
260
49642719
75144095
5
3
38293
233296
6
2548329
2
1
1
54200
683
4809
8
1
7
2
9
36250948
3230
1
7869754
2
4
83331459
4
6
1
3
14253
12
34
16679
1016
2985
5
3
6
1
1
50
1
5
1
1
9
5
3
11
11330878
195
5
810
23
8
18
49621708
49642775
91915
30
1
2
10
4
47
143243637
373053
8287
2
7424
11803614
25
46
12
2
165
5
6643
30273178
5
2
2
685
4
10639
3
49612891
5
5
1
190124884
115
8215
16325
685
1
5
27
13
44
2
8
2
1
1
5
1
4
1
16
19
3380
5
3
5
842
6
5
1
39
5
7
10
9
1
11
151425681
2
993223
22628
4
21
560673
14
814
7922
10
21036
21
1
77048705
49642719
56489913
7
3
5
18041818
756
4021
1
593
1
5
15118
5
1
91889
4
184016612
7966
4
2
1
55924
1
1
59162
9
11
3
5
4
8
49612891
28
15307
985
20
22
6
3
11
26
5
5
1
18041793
2
1
2
49641429
55244
6643
2373
3
27673124
12788
38137946
49644525
14
1
4
13
1
105450
25
5
5
10
8
847
728
31053
18036577
20
685
17080
5
4
49642779
15
1
10898
10
21
24
9797542
2
1
3
5
64
3
1
1057
5
1
12173058
24
5
21
1
8
1
7
11
11333651
17
2379
90458
178374
11810612
31
53986241
1
1
5
1
7941918
5
13
49585242
13851
155652
2
700
17023
11812254
49606254
5
4784
2208
2
1
26
1020
40
49644413
30760596
1
5
12
1
1
2
986
7964
10
30
8
3
11132892
1
1
3
2
1
326
13
4
1344
5
28
3
3
59174
2
4
4
1
6665
365
4809
1
8265998
5
15
2
685
4
17679
18033818
5
96452
40491366
2
14078
3
1
2
3
40168476
51155397
35172
54816
7925
1591
2
88
1
21
120991
358
166
1038
4
40168480
6
135897
6
52126647
2
7
10461
11348236
19
67749878
1
53564
7
6
2
1
2
1
2
16
2955
12
23
18026854
49612589
53510513
30
2
10790
1
1
14
4
59503
304
4
2
5
23131
3
2039
5
49626864
35
1
18073120
2
49467297
1
3
2
560673
18
5
5
1
101147273
1
9
15
119
7
49619919
2003
7919
1786
30238
7956
1
10
20
53986241
78879511
1
1
1
3
332
298
1
26511
2
11806118
3
5
5
1
5
1
9
14
12591
10
6
1
49587610
11
6
14094
3
4
5
1
5
10
3007
34582199
35495
680
1
1
21671
5
5
2
2
6328
18041826
4
2
3
6969
3
5
2884
2
1
485
25
685
1
20
725
3
3
5
10
3
3067
31
2960
30
1218
36
190092936
1
257
5
49115234
2
2
14
3
12
5
7862693
2
5
49625102
1
29
38281
2
2440241
20
1
2
6
2557502
1
41856314
5
17
1
22
1
18
39170
3
6
5
17718
86
15
4
7
49115234
11
6152
5
2
2
282
5
1
6664
6
16
8
2
1
847
56469495
69
41787
6654
49613140
5
4
122445012
41795
1
125163558
1
5
49642776
1
3
5
6
4
13
1
38273250
182580
10347155
8
4
1
8
9
1
2
13
19
3
1
1
1
19899
5
3
9797492
190139904
19
1
1
1
4859
5
1
8083667
24
40168476
36848
3
1524
2
249
1
1
126287599
87023
4
1
6
417
5
2
1
14253
8328541
5
20
52126647
4
133670642
70570
65451
11340098
7117
5
3
3556267
4
2
2
39
8083657
4
2
2960
1
1852752
2
2
18300
154
1
2
2
16
4
130107
2
1
7515
38710004
3
5
10
6
2
24
11339422
1
35498
4
2
3387
22
162
1
9
1
2
40168498
5
7922
5
6
101
5
18041845
864
2
3067
5
8283483
3
6
1
1
5
1
49612619
18
27
1
2
3
20
7937003
19346652
35551
8
1
5
11
5
4
34
5
2
18012618
2
56145
12
122495780
15730
5
11
1
182994
5
5
2
2
3
7937003
9
2
3
7951
2
18041857
684
12570
1
13
49625352
1
1
9
685
40168490
9
2
4
7
40168476
11
1
4
10
58876
10
19
4
46302066
2
19
3
7934
2
18
49616690
5
5
11340102
4
3
98
1
5
10657
7931
1
3
21
5
101398791
267
1
3
5
4901545
7
18
6643
2
679
4
6
6
5
18076681
19198
14151
6
7
1
1
2
22369
7
46
4841
1
49641948
34304136
40491362
18
1
6
16
56490094
2165334
1
18004515
2
2716
560673
444
2
2
6
1
6
1
1
9
9
3
3
5
2159897
1
3
2
1
9
20
8448
67859679
1
14
27056019
7
4009
27
3
7
233296
1
6
53061
5
8
18
32
2241
560673
7
5
1
2954
2
1
35508
49589989
1
17416
11
1677
14517753
49620776
8590
14
22
2
3
9
756
34616963
14517757
8266034
16
1
3
59553
1
11990
5566
5
1
5
14287
1
6
4
5
22039104
2
55890762
7
2
26493
2
21
59453650
26
15
18
32
165
2
560673
49615610
6643
1
18
824
5
49610852
7936980
3
4
49642721
4
5
13
49642717
7934
6635
16466
1
2
18
3
17
7950
3
14
8
2
2
1
3376
11167698
1
9
35514
49618061
5
4
1
3
18041799
17989
2961
19
2
3
37838228
6
4783
35514
15
1
153071114
5
1
1
5
143260147
6
7934
56205
2
2
11203230
18012656
3
38
5
5
11
38264919
5
61
1
11340102
1
5
1
10
93468187
10
5
1
3
1
15
9015
4
11
2
233296
5
49706685
1
2
34758488
4
25
1
2
12
55672
4
6
48411049
19
1
29
1
1
1872
40168482
14250
9
49587951
428
25083
201
3
54289256
2
5
1
49642719
1
6645
3
7
434
2
1
5
1
7
36250948
40171435
10593767
202
1
122495781
8
9
24608
56147
51
9
6
7
5
19
146719505
18012611
9
2014
1
1
5
11
5
5
12
6
3
12
27139960
36
513
1
1
11
49610852
77460305
48647473
7
5
5
16
1
21330
51
1
1
24
11327
1
5
1
11
1
36463381
1
113156795
2
28804
9
18
2
5
19255359
2
5
240
685
29
5
7
1
22
56730539
17
6
1
2
2
5
33003
30628
7
1
16
1
4
1761
2
1
11372193
11988
2580
5
17
1
83336064
19
35514
1
5
19
6
307
1
1
56469495
1
1
40168478
8
233296
18641198
5
5
1
11339082
31393471
5
5
4
2985
5
685
23
1
16
4
5
50295817
1
245
46245588
35502
2
50
685
1
23
2
2
1
16
12
1
1
2705
7936989
60029
58966034
5
1357
2
20
2
1
597
46516633
308
5
3
9
3
5
4075
15
75183
49642719
11
3
4
19082
5
11
7926
4
42
298
78780023
5
83322595
29
5
12
30
456
2
8
30881852
11
12
2990
2
5
2985
2
1
1
20
4
5
5
2
17134
5
2
2
33
7936989
4
2
44862776
1
2
1
1023
16196042
4
35
1
639
11
2
86609
49115236
1
1
262
5
1
5
1
13
117907792
1
34582210
2
1762
8
710
9
2036
18066598
24
18
1
8266069
18
5
3387
2
3
1
3
6643
12
288
1346
5
6
5
685
3
5
1
10
2882
18332
7
11280160
1
1
1
2
4
21025
5
534846
5
84
4
1020
122461924
20
4
22
685
5
10
1
16
5
2
11
7012128
38372530
8889
368
1
1
2
11229220
7
2
1
2
6875
13
5
49610420
22
49617986
13
17
14
2
5
2
170511
1
28875087
110836
4057
15024
9
5
2
49621431
11140970
3
1
1
28
49615668
9154747
7952
5
3
13
101161953
49617365
2241
8
2
4
2985
847
1
2
16
6
49614159
6
57
5
11351553
8
8265992
2
5
1
3
1
1
5
925
2
7
51105336
6
2
3
38275907
1
11
5
2
1
1
2
3
7937000
1
857
2
49585242
2952
20
5
7
3
1977048
5
5
3061
5
5
27137
5
21
7941
15
3
18128
2
8
18076667
2
40737866
56713139
1
56626
6
8261680
62438643
190071686
1404
8
1
8310213
5
14
3
3
13
2
35551
1
4
685
2418693
739
5
31888
1
118277
1
49611253
2
1
21025
1
2
16
1
5
37
18084333
12523737
1
1
25
1
3
283
2
38678666
1
7008849
1
49708837
18035304
4
1
18012666
14
2039
7
685
60607
5
4
1
2
26
4
36
49615610
2126
3380
3550
3
11336029
730
5
3
166
10
8210
1
120413409
4
1
34587318
5
74872
2252
2039
1
49608683
46528
450
5
2
685
1
37004
38777255
18
25
2243
19
23473
1
13
6
579
122362121
18
21
1
6
96614767
4
10
7
2
16
685
190113301
12
1
2405447
48
2
49642723
5
498
18002209
4
7926
18
60569784
22275
9
5
8
25
1
293
1
60
2
16310
4
4
24756
16
147
7
16
1
5
1
1
2
4
4
11
13
5
12718
652794
14
1
11
1
5
2
685
10
5
45614
4
47313
10249
148
2
11
5
59149
7764394
10937094
18
1
24279440
5
18041825
5
49616898
12
1
18041836
2
1
7
5
5
10
7
40737812
5
3
116
16558
2
21
52945
1
101161427
20
13
7952
855
560673
1
5
1
1
2241
8
7928
309
3
169713406
77851
10
164
3
49709312
6
1
2
2
23
3
440
1
3
5
16901
49617368
1
12
4
19
12402
5
5
22379
1
64374
4
685
1
2257
1
93469226
1
10
2
3
1868
2
2137
5
9
2
3
1
1
6132
1
5
11369
5
4
5
13
1
13960
167
2
1
5
1
2
35551
42048866
2
49161643
49115234
5
7926
5
1774
2137
2
7
9
4
26
8083207
2
13
3
3
141
5
2
1
49614650
5
110437
4
10
2
6
2
56914
18041853
14
18041783
2
2
101094915
166
4
25
847
1
5
26
1428
1
32106962
101787
6
2
3
6650
2
120
5
30500932
3
5
342
5
817
4
6
1
17
4814
9
1
17832
17
49615955
1
9425
7
5
1
118
2
663
2
28132
3
178581141
3
751
29274
5
5
3
10
12583
4
38295
1
49610843
19
3
4
2
49611102
17427
5
2528
4114
35511
25925
83331440
477
2
4
4
19640
24
7
190030234
5
1275
7936989
5
209
5
108
23
11803601
7915
5
4
854
7
6875
5
11806144
2
15
1
4460975
8
2
685
4
2
8082968
8
1
11
2
436
3
8
2166009
2
8537
3
10164
17
2
1872
10
12
9
76
17097
18
1
3
5
1
2
4
21255
1355
63252
49063800
9
7629
9
13
6643
7657326
17
7762
10
1769
1
26
30892362
8083256
1
9
3
4
8
790
5
2
1
1
9
439
1
781
4
12
1
4326
2
1
2
18
1
17983
2
40168476
1660
6
5
6438
16
3
3
5
3
2
4
49622384
5594
10
1
10
685
10
851
35551
27
7659533
10
21529
15
2
1
1
2
2
19
6
16325
4
1052
3
1
3
1
6643
2
506199
13
291
54975169
6124
3
4
5
157373274
32
4
30062310
3
11780909
16
832
6639
13
3
1360
2
23
1
19989
3
5
17
65665
1
2
6643
12
312
17689
18004535
342
1
8
660
1
5
2
1738
45
3
3
1
18084295
13
13
4
6
5
8
5
18033771
46
6
2
2
4854
3
7
824
1
3
236717415
4
4
2
6643
1
855
11
2
7119243
1
14033
4
2
360
2
33
2
7615386
33
24908
3
679
63843
2
26
3
6
23
23597897
429
685
7762
429
1
685
3
1
34414974
5
105452
685
2
2
9
56490096
7936990
18314
5
100037752
5
26
2
106
3
53119
684
28
45350
4
15
5
2
1060
4
3
1
10508155
7
16
11348236
2
7936989
7751
3
1
49613140
36
7764
1206
49617232
2
49616969
5
8
38
1
5
29583
1
2990
2
29298
6
41
16
1618
2
1
1
3069201
43
11328
13
8
1
2
1
5
6
2
11
9
3
2406810
3
76914147
4
385
122774933
2159894
33641
49
1
1
2037
35522
16
685
6
346
6
12
283
2210
5
16
5
1
28
1017
1
1
1015
15
2
2
12888
3
5
7
4
3
49578460
8483
3710
11339082
5
1
1
834
41
2
7489911
16
2
1
1
25
5
5
49617368
2
12
348
53431947
1
5
7955
8
18041837
12
1
8
56620
22
47
25
5
5
2
1
2373
18041794
1
685
5
14
7761
368
1
472
4
56489913
4809
49610852
250
6
1
13
125173423
4
52127217
2
49609778
17
49617986
44
499
2923031
190087406
527
1
18070021
5
49642129
49620741
5
30
1
29039861
2
1
5
5
1
11
7937
7964
3
7763
5
1
5
18041833
5
4
13
122362121
5
666
25
2
47
1
49585242
110
4
5
1
5
5
1
2
33
5
7841770
4
35551
83334543
2
5955
1
4
7951
2241
12574
1
5
1
57
1
35052
53511
35120
7944
13
2
3
2
11195487
18
2
4
18041837
115975
3
11818155
8
11340106
7762
1
7
6
2
5
1
26
10
1
341
1
17
3
36
2
4
3916
38735421
9
35551
10
6643
15
5
39901
1
5
2
9
25
49609777
4
18041785
54310114
4809
7
2240
7924
190067981
2157010
2
4
4
7935
4384
4
15071
13
7922
7
1
1
1
5
5
1611
6
18075372
2
10
1
5
2
560673
90163
1
2
1
1870
17
190069072
2
5
5
8
8
8282856
36608316
38275077
7920
121612476
683
6
49612551
5
5
5
277
1
36
2
4
49618049
3
11643479
421
2891
685
4
2
2246
49591349
7662
64186
10
49613140
33
1
5
2036
1344
38735421
4
1
5
353108
4
28
2
8
8
4859
430
1
6
17
21330
7048
4
5
8310541
6
2
9
58014
13
625176
5
3
388
5
1
49612556
8328542
257813
11
2
24
2
8083663
4
27
56736726
29275
6
1
5
5
867
3
695
19
49620770
1
2
6
49614930
3
133597279
3
481
9033
2248
5
1
49610852
21353
13
14
2
5
2
9
26
24
3
5
1
1
49615231
2
1
9
59165
4
11
2
49642058
143
2
5
8
38275086
2
2
8
11172805
80
41105
1
2135
55925
49642780
13
83565
3
3
8
2
11336703
2
24758
6
30621272
21
2
26
17434641
16
18051701
44168
1
1
11005
1
3
761
2
685
8
1
49610761
133
49644757
1
7
1
3389
685
38289
15317
5
37009
4
1
21028
2990
37
1
4
5
39
2
2
6660
10
278
3
3
685
4
1
1
7
4
11803604
13
30
2857
1
7939
93707149
1
7
50901
1
5
7
1528
17
2
1
834
4859
463
1
1
16
61129
22379
2
19
3
10
2
1
845
14
3
5
2
5
2
1758
133625365
4
67857296
1
7
42021910
1
49619919
49621090
7928
11
172217858
4193664
7925
435
7
5
49621627
7
1
2
57739
2034
4
2
1357
6
11336703
11
5
3
1
4
447
1283
5
5
2
5
5
5
9
3
15
6
49608686
342
5
10
7083
17985
3
10
19
11
37
12
1
8100958
12
1
10
3
289
3
21655
49612582
2
1408
10782
11
30
5
54
1
1
31
20327
5
1988846
56833852
57026
1389
2
18073138
12
3
7887437
5
3
2405447
36125
25
1
5
3
719
266
3912018
3
1
58
39164
1
17
2257
1
4
3
560673
5
90522245
3
2037
9717
5
2
4
5
2
74849
1
56744083
771
812
6643
13
1263
16
4
3
6
5
93469734
7
11
39213
35514
49607605
4
22
1
4
17
6643
26853
7963
2
8
20
133581307
27
1
19
2
25
1
38264989
8
56829126
178
5
2
2
104
11532
465
14
61883
22
7
11818155
14
4
49642719
7
8
49616016
120795
5
569
25
1
652773
1
54047
2
62
66055
5
18012596
2
1
847
2
7
41
5
8328554
1
8310226
78304
40737862
81655
750
21
3
13
4790
9437
3
1
47556
190046441
49644749
13
825
4
5
5
256
23077
31485
6
18041829
90487898
36
17678
468
1357
327
3
10
1
654
1
5
13705
1
3
11
11155575
27458
56937
86100593
18
17825
26
1
3398
10
4
6658
11
1
2
2
49426744
390
56767997
35
1
10683
65692
4
50
1
35502
5
7937012
8
3
7
9
1
5
17
2
1
49629841
842
7
4
97
18
2
494
1
1
33
5
9
685
11803604
7952
712
2895885
1
5
5
5
18022749
8
5
49620750
7
12402
18041803
24
1
8
29
1
13
11046
3
2039
6648
2
38372530
2
685
1
14
829
2
4
22
1
3058
15
2
1603
3
5
1
11800628
10
90469486
8083301
49617986
83578
5
50
7
111
11
8083508
739
10014
5
7
17
1
3
61344909
1
42
417
46460305
308
26997
22
1
5
14
26190
1
12
53986193
49610421
2
15966734
13
8
342
1
3
49620739
49115234
49643795
12
2
182582
14
34970
5
684
7
115
685
4
15
1776
4813
1
2
12400
5
5
1
855
7
54510960
11330878
1
5
156
3
190015294
1
1878
3014
49614590
6
10
5
7
1
2
1
1
1
8
1017
1
27121821
85
1
49115234
2
101139047
23
7
1
5
9
1
1
28503
26
18012640
7
2887
3
2
5360
1
685
1
6
2
1
16
23
37259702
7936989
5
1
10
2597650
10
1
5
1019
9
5
1
5
1
863
6328
56
1
1
1
4
3747
7925
18012614
17
2250
1
16851
10613794
12062
125157831
14151
1397274
18075373
436
7768688
1
5
1
5
6643
5
6031
16
465
2230
49618048
2
1
4
4
7
1282
422
5
16093254
2
3
13
2
149
35881
35551
342
2
2146
18
3
11367887
49610852
1
2
732
4
11
1
5
17451
6986
1
5
26
20
860
7945
2
10
1
5
1
4
17163
85018353
49626869
35
12574
685
3
1
49643403
34
105450
134914911
53394021
6643
3555534
1
1
1
2
8328458
2
11
10
32278
1
6
10
1
7
3
2
5
733
38678707
4792
5
4
1
2
674
11806136
8
92540
472
9
851
4
49614527
1
49190551
4
9
7929
1
8
5
2
3
11
6643
1528
174
1
1
441
855
7056386
5
5
1
53986249
220
49642714
2
49586257
17
11336703
85947
10
17
62848
4
7
55776
1
49642719
14252
5
13
1
3
1
1
1
14
11
136542
15
1
26
1
38166926
46
8
4
1
63002640
7
8
9569
418
3
728
5
24
8310558
17983
1356
9
4820
133630006
11
1
14
2
10
50
24732
41795
4
13
2
1
11
31
242564851
3
1
19
1
129
2
16
2
1
1
5
1
1
32
873
38149180
18
203
2
5
11
14
111829489
190022732
581
7936990
11801434
5
14
11818153
5
1332
2
190123358
24
3
35097
1
1
13
6
182999
697
49618049
1332
5
3
38275168
1
3
13
25
1
93710033
1
13
72402082
4
3
5
50495
18035575
40
5
49616971
3
14
171
587
1
5
2
1020
665
101360762
2
1
233296
11280183
6
2
2
680
47683
1
1
395
2
8
3
4
5
1
1
2
4
434
29
663
18033811
5
11
3
5
2
7925
9
2
1
4
6
2
1
19
5
54
1
4
125174840
49626862
49620740
1
2
20561109
20
11
7917
5
7
5
373056
2
22
21021
5
33
90469505
182580
680
49577437
2
10
169
798
1
1512
83330598
18041823
2
386
16
855
1
53098918
1
9603
855
3
1
1
1
16915530
15732
6
750
4
29
190034887
5
1
5
1
7
5
6
6645
1
425
21
64810
6643
39
16
6
11
35512
11354607
52128234
5
13
3
1
797
24
18123
685
17
7936989
49612953
4
49619919
6
25
8
10
5
10
2
5
4
5
11
35
3
3
2
1
1
3007
2
589
5
1
685
53219
31
18041786
7759
5
1
678
1
1
2
1209
6645
135765
96614766
4
31
314
27754718
2
5
1
1
2
1
1
26
5
1359
5
3
56489913
14286
1
1
18070012
14
11
1
1
3
3
11351976
25083
2
233296
1
5
10
884
5
5
4058
122921
1
1049
184
4805
2
16
6896
3
11342141
2
2
1
5
3
1
11336390
86073477
1
4
1
1
6
4
2
1
822
18075371
4
1
13
4
5
11810635
5
3
11
19
2
3
5
1
4
5
1
30
2
19
248
14
1
3
9
59526
35514
1
16
5
4
7957
6656
49632831
1
118
15
1
1
9241520
5
10
2
1355
2
685
16
1
12
2
1
7916
2
35
1649
9
3
11
24366
53653039
126
6
2
6637
1
685
18
7
863
25
10
2602
3
18
37
1
4
4808
106720
101136202
74
4
3
3
19
3
6
5
7
2
1
153
24899
11822680
16
40737816
18
39023699
5
414
3
1
1293
49642998
8
5
2
24717
12
2025
2
1
2362
428
401
1
2
7939
9
1
851
49608686
685
6643
28559
38785476
892
49611776
35507
7937000
5
3550
10
49446448
35
8
27
2
2
11
2710
1
685
1
18
1020
1
1
2
11
7
3
9
2891
49613150
166
49612616
1
685
5
12
4814
18016469
24297
5
1
248
2
1
1
190165399
6669
10
6
3
11155572
10
1
9
1
4
6643
4
4
22166
12
2
1032258
4814
6643
1
54920
1
39093
679
2
28
3
22
544
2
3
17793927
35551
9
1360
1
49610745
42
10636554
23
2
9
3
2
45
49909
42
55925
74
38356992
8082968
3
1
51107303
2
5
2
49593308
4
5
2891
2
4
2
1
7928
109007631
18073127
21
13
50539
1
1174
28516
1
5
3
18013508
9344
51250
49642719
1
121
2
5
242
10
16
5
5
5
1
17
2799188
10
3
676
35512
3
1
23
5
19
1
707
1
7920
11166410
2379
14
15
5
1264
1526
5
49642044
2
2
1
1
1
1
1
10
8
8310466
4
1
854
1
166
685
14
625171
7936990
49145330
783
8
2
202
3
5
8
5
18
2
834
3
6
16
5
22
61
14261
2
4
19
49643457
929
1
1
2
2
3642
49614222
2241
56490088
19
6643
3
1
14
18041802
4
125172686
30582
6651
40172214
4
3
23
345
18992
365
49617368
1
8
7830667
4
2
7926
8
4
1
1
14
5
3628582
2
860
1
2
1
9
2
1
1
4
13
1
25949985
2
18033747
5
12652
85
2
1
1
6643
1
4
3
684
18035585
1416334
49644429
4859
12
5
5
3
6643
3
15
1
2151
2
3007
1098
50098995
9
422
14789
18
16
49608686
173
7077462
3
4
16
6655
35551
5
855
50
136
1
8
12742092
4
3
7
5
9
5
10
3
35551
2
6643
18012666
1
1
9
34582199
40345
10
11350
2
19005
1
2
1
7937
4
7
1
2241
1
49612551
2
14286
7926
53986241
10
13
17184
1
3
3358
7947
4
10
1
685
1
2
1
29241
4
2
1
31520
1
5
5
4
49596356
3
13
1
107450
2
1
6
851
10672
4
21771578
8
8
12
130
7936989
6
4482498
6
14
38735421
5
2
1
1
3
1347
12590
5
25
16469
2
1
6
402337
25080
16
19
283
1
15
18026837
50112
1
12
15
4364
7
7
52127217
58
151
14
5
28
1
12
684
1
4
685
3
5
11
12
3
3
3
2
49626863
845
1
4
1
15
9
165
142
4
1
6643
48889
34
38279565
17987
1
2
72851032
1
49609846
2
6
1
33632536
6
5
8306066
92507
685
52127217
4
69
38275077
49579134
1
3389
5
3
1
188
1
5
40168469
60009
1
420
2
7936999
7
1
12050673
2
23
685
2
2
5
5
2
17
8
12
2
8
49616969
8
1
18
5
20
4
16
14517776
4
58337360
35551
1
2
1
1
27
2
2
1
7
83330598
122188
16
1283
3137453
1
36667
7884
6
687
1
3
49620746
11474
1
18012564
49630043
16095024
225
49617986
1
5
3
10
9
7914
5
12583
20
1
1
19
35521
1
119153621
14
2151
7966
1
57
15
5
5
13
7
9
57
2
18041765
833
21
49589989
4
46
3388
6
1
1
2
5
490
49642113
7
5
4049
18
2
2
99481026
5
3
1
3336809
3
2
6
1
2
112972
11033
5
94
49613140
3
1
18
780
3
6
5
1
2
2
49606260
3
682
1
30
4616
3
3
27763770
18
11
30504
6
6314
765
8265990
4
2
1
2
265
7
7
14
1
49612891
4
129
7937013
2040
1
4
7919
5
5
51868934
6676
5
49642776
16
3
5
9
14271
2
6
42
3
1
1
1
1
49642115
2
7
185
14
1
3
374
1
18041853
27
20
15578211
7
30783
49610852
6
1
8
1
2
5
3
1
1
4
27
414
1
38275168
15
27036
2
2
11
1
5
6
3
11
10
2
7113
5
12
6840
21
1
3
1
1
17
2
7902710
26
7
1
11800936
49626372
19815
5
13
1017
40737816
2
2
2148
6039620
4
929
1
2
9
38279576
5
1
2416653
8328542
45820703
8
13
18073127
3
5
8
4
14251
2
32997
1
10678500
64810
2
8083667
31
6
14252
6842
1
37228304
1175
8
15
2
2
2241
14
5
4
8
11336703
1
33
3
146227
1
9
5
243
49608411
20561107
7800
7933
1
1357
1
4855
2
45532642
46
10
5
31053
3103
19346454
8
5
3383
5
16
10
5
6
9
24
10
1
6
28
64255
2
148
1
117373611
4
192512621
6
2241
5
49140546
24
8
4525
8660809
109970767
9561
39
8
2
4
28822
291943
1
1
18
34
18074899
11818155
2
5
5
26
685
3
2
15324
14
1
1
119535
20
8
7803327
3
7
4
5
2985
13
5
37487
2
18138
26860134
685
56489913
1
1
40263624
847
7922
303
1
30166
6
396
4
14
1
8101396
179
6085
12
250
2
113
13
8
15729
190145017
6645
7958
1
6296
11
4
49615670
35513
4
1323
1
14
11818160
2
56706277
3
1804
4815
860
1
5
7
1
9
4
166
1
3
2
12
35516
5
332
1
1
4
2
1
2
182580
92597
36127
1
1
1
45
10
148207
49642719
20687
1
101139902
9
34
4
2
7692804
1
3
7
1
1
5
1
22
8
49576084
94
5
3
49618048
15
1
17076
5
4
7
9
5
3
2
2
5
5
38735421
230
1
576
56490099
9
472
33003
1
1
13
6
20510
6
1
1
5
3
5
23
5
6
345
3
233296
49591357
15
5
7
3
3
56170
1
26
5
1
40186
2
5
21
5
7
4
8
16
37167214
5
61
1
1
5
1039
1
1
38769109
5
40864161
6
4
4
1
9
18
5
1
25063
7949
5
8
18
49612611
5
1
851
6
4
5
1
9
3
5
2891
2
122461938
847
190069089
20135
3
731
2
1
26
4
12
2
7934
5
2
65741898
32
11
12
1
6
3
2
399586
1
11304
1
6
5
34587318
1
21476
4
1
49614159
190092790
33961
13
16
4
4410381
1
1
1
1
5
20
12
12
1
1
1
2
1
4
36830262
42257664
4
24
5
1
26
46
1
91125587
5
4
4
1
33003
1
7936989
23
49115241
2
49608688
4
4
5
25
23
34
558623
8079099
3
9015
13
74881
21
342
3
14
11
3
49610852
99481011
20
1
33
11
1
11
10
2144
5
15
3
29
1
7894745
1
106
1
1
2419
5
5
5
7926
1
25
5
7
2
13
257419
51
3
990981
4589307
225883
1
7922
7965
4
511
1
7
1
12
4
1
21
5
12984261
2
11
845
4
23
4
17
7935
4
5
1
29
1
7
38007
1
3
17
2
11278717
1
680
3
1
29
7
1473791
32100
13
855
1
472
1
62484298
70559
30
8
855
12
6
22
2
11794089
5
2
5
2
8100958
6643
34582210
18
40
6
166
63263
1
9858
2
2
49624497
1
7
4114
2
19
855
13
2891
13
1
4
2
1
1
2031
5
17
4
2891
3
1
19
2
38
12
1
2
685
1
1632
233296
4
12
5
2
3
2
190022724
2040
1356
14
1
18033800
60370285
488
3
14517741
2
5
1
10
17
4
35551
28
6
60
1
5
142305
2
4
38266959
3
7936999
11
130
4336
1
32
1350
11
15
142278
1
1
1
1
2
49609778
5
10
26535965
18083015
10918
5
2
8577
4
1
12590
11
5
2
25
668
685
7924
11
15
1
59453659
10627548
4
1
16
48809000
1839
5
7794
18041854
49086943
10179
23889352
5
9
49585241
1
3
22735857
1
56927
3
41787
9
2
25
1
5
147939
8
7
2
2
31180664
8
5
22
5
2
466
7926
4
5
1
4
5
152508
4
5
4
1
11217331
1
4
1779
17
15930
5
425
40245
5
5
5
17
1868
1
1
6
2
342
8
7
14
7
59177
44589
3
13
3
1
7940
5
355
13171
20242
2
152170049
3
1
5
56696306
2
6
12
4
6643
2
27
1
35
6
54977
1
87639
441
49611188
1200279
2
4799
12362796
9
5
1
4
4
13
53986249
1
122376219
2
6
2
8
2
7008849
4
12
3
55442493
8
5
1
31
101139902
10
3
2
49620738
2
26
5
1
2417328
1
2
1
35551
6
1
12
1
685
2
15
27
7744
27
9060
190030237
1360
3
16
21028
456
33
5
2893
325
5
8083079
11793450
1
1
49606260
2
54922
1
1
17
2
2
28
5
4799
27119
9
25
1
3384
31
7
2
10
1
1
4332
1
3
3
5
684
18084332
54835
4
1
18012629
3
2
84401034
5
14
6
21295722
1
1
342
1
1
16
4
9028
28472
11
384326
1
1
20139
8
1
7936990
2
3
437212
2
422
669
2
1
83327446
14286
466
25
51
5
8
1
62
3
7
10993
60240898
18
21039
9
2257
49549647
1
1
9
4
67859679
7890
17906
6
7922
340
190092514
22365
80
4866
9
5
3
56671091
1
12
2
27
8083049
1
399
735
3
40172178
17
134912225
5
422
2
2
2
591
4
1
3
249
1
2
22483
7937002
139441257
11110
15
1
13540
9243513
18068233
32479470
33428
21344
2241
1794
1386
1
3
11803604
125174841
4
38
1
6144
26
1685
32070
2878
6
5
1
128
1
5
7083
109584119
1
5
534862
1
49611786
5
1
2
2
117497
5
15
6
5
1
1
5
5
491
1
3
13
43963
1
8310540
9
10
5
49617368
5
1
49642768
32202
14517760
2
2
5
49619920
5
5
21
27673135
59176
5
2
15
425
1107
5
1
1
2
2
49454124
5
7
7071
40896424
2
9
4
24734
3
1
2
13
22648
3
670
1476
1
38735431
3
35502
1017
32070
7964
4
5
2
2
5
6643
4
15
18033780
2
11
21621
5
1
2
1
6
20135
45179583
27
4
57739
1
5
8344
10179
2
3
3
4
5
2
29187
10
1
12
2
1
1
1
4
5
8327
5
7937004
1
43
12
19
134746
35505
170
2
16
14
6
11
6
4
10421822
3
9
2675
11803599
2887
5
4
35495
10
2
19408708
7916
189
1
7964
1773
3
2
49
6
138
15
3
5
5
9
53986407
4
6
13
4262747
13
5
5
11336029
7
11007
3
13
860
1
1
3
1
23
1343
2
2
1
2
3
4
13
3
4
77
30
18033811
685
7940
7056
49642719
44562
32109
1
134912190
1
17682
6
1
19
1
164
1
10
5
58948543
2962
1
34664
5
4
1
20
8
3377
49642719
2
6
3114
1
18
2
4
7914
5
68229776
4
158706393
4
152285944
5
5
101142153
5
13
20
5
5
2
5
13
340
268
13
2039
2
2
4
27
15
54922
1
38193254
5
1
1
22744462
42852
14
3
5
12
5
3
5
5
6132
102
21
1
13
19
6
1
4792
5
6
12
5
2
1
50
414
1
23
29
5
49621785
1
49615330
4
1
685
87845
5
6643
4
464
2
40168708
7
1
5
6
5
39
1
1
12
14
3
125161302
6
12755
5
2
1
1
1
8
13
1779
20
2
1
1050
40737812
685
9
33
17215374
5
3
93470402
38770
27399
2
5
78847841
1
5
1
613
5
2
5
618
9
5
1
38164586
17
14
685
2
1
3
2573
4
1
49625352
7
652778
4
3550
360
14
1779
3
8
2
5
1
1921
61
1
2
12
7
20782023
4
35551
49617986
1
5
2
49162126
1
12660096
287
8698
18041831
5
4
4
18071348
10874
7
11029198
1
1
3389
19
4824
13
2
13
2
685
6543520
2034
1
49641391
2
12
2
7
45
19
5
7
1
1
4859
4
224
11
1
1
3
7936989
1
1
674
3
5
5
4784
2
15
6
5418
16
4
182582
5
1
1
1
2
17
2
4797
1
3
4
1
32691150
11
1
1
38149159
25415
5
26
8083073
1
2
38710001
464
11
27385911
5
5
2974
4
25
1
16
4
3
27
3
49591357
11193
99
9
5
3
1
4
1
8265669
3
6
122445012
2
2034
2
7
5
1
2891
6643
57
55893
2
6
233296
5
7
2
14
8
4780
1
123154707
1
11
10
49642779
2
9797508
739
11
5
216
49618048
1389
65693
24
4
11
10685
2
37004
49642719
1
15
1
469
11336703
30
2
7937000
143
1
8
5
2
2887
2
6
11818178
5
8
30775074
8
17
4
2
49115232
5
60
1
5
697
24756
1
5
7
1
13
64830
5
1
6
2
9
10
1
19
1
1
2
4
11532
1
1
1
535
1
5
685
685
2
2
4
4
7
5
5
1
25
8328542
49611776
15
14
1
1
