483
1
6
1
44649
2
49618048
2
133553862
38710004
18
2
142
66354550
1
183019
17
13
1
8
8
233296
49607258
5
4809
3
49620599
15
49641373
4
1
53986249
20000
8265992
13
1
854
18004409
40168491
1
10654
49612906
1359
1
103069630
11
2
2
17
6
7
4
1
1
135
1
47561
2
5
2
1
17977
3
5
10
35551
1
8
40168482
2
8083084
3
5
1016
9186
2985
1
18
2
28453
13
5
49627208
10918
1
6
5
1133
20373018
26
10918
14
845
19
35551
12
17
5
44
3
11579767
10122679
7
5
2
10
30163
5
440
3
3
16
2379
19
2
2
9
1
9
2
2
11
168362
11803601
7
5
1
4
5
44
5
1
64850
22
10
25
37
5
8101396
1610390
5
2
16
49630042
1
3
14
10
13
1
2
1
5
8
108188672
101136202
2
4
4
18
2
6
4779
23054
6117
1
49617986
5
5
8
2
6
1
750
3
14
5
152930820
7
40
401
1
32107
3
4
35
6
2
6
11
5
68816524
1397280
56666293
4
16
133562
3
2
1
1
2
1
8
19640
4
1
16
5
136162482
2
3
5
3550
1
13
3
14
5
6
2985
5
2
1
7926
8083078
2
69
1
7
4
2039
2
7936989
3
12
33
40904894
35529
342
99481035
10517
6
2
19
16
1
19
2157011
23941
57939
2
5
3
1
1355
13
11367551
2
12
49645483
10
1
3
4
1
11140964
46
5
1
5
5
1
1
9
2
2
2
49709980
12
7899847
2
10
1
45934220
16
1
11
13
81
7936992
2
1
25
7937013
1
1
49617987
14286
1
27
5
4
9
4
49642719
49616289
5094
8
7784
4
49115234
5
18
4
34828217
11162313
2
27029885
1
6
52
2
41434
23
6
3
2
18041868
12
5
4781
3
2
3
9
1
1
1
18760691
14
106909
4
8265990
6
301
1
2
1268
49617986
4
70452
19
8101402
3
2
1
1
16
5
17
1
11217318
41403
25
28124
5
12
7
52127217
48617930
9
1
49618048
5
12
122445012
1
1
19
1
4
3
770
7937013
5
3
49626870
15
227046
10
11
9
5
3
1
17136
2
12
4489
7
7
71310799
1
4
8210
13
146674
290
5
38275190
5
894490
20723191
2
7
1360
18
19
16
4
9
1346
23
1
93977
9
13
1
40491389
49617986
855
18
11
5
2
12
22883
5
1
11818155
1
1
3
1
4
52188685
1
40168497
14
42257663
5
5
66
1
23214360
1
5
5
11
148
4189
5
36807
40491368
219
10516
7
1
8083667
1
101161956
5
1
2
26057783
8289
2
22025
52211
15
3
1
29249
2
27444
110
5
49607263
18033290
3
1
5
57008
2985
1
15
178849848
4
4758
35551
9
5
49115245
11367887
18
5
398
18066374
18041799
7926
1
3
5
5
2
1
5
1
3
20
11
7
18076669
12
2
6
11818155
1017280
1
33035793
15654
8310438
2
1779
5096
4148
7936662
4
1
60085
17
2
11802165
5
5
18160
57475178
12
4
401
2
1
49593308
2
2154
11
49618048
1
5
72220010
1
5
2
828
15
5
13
38288
2
3
935
10918
2
49614250
5
33172
2
49624014
4
2
21331122
17
3
10
9492
2
11
2
22087187
5
24719
1
401
49701735
40168476
22475
4
5
10
3389
8083299
2985
9
5
1
5
2
4
14810135
53648971
11348240
1
12041
4
9
1
3716
14991
1356
1
5
1
11315557
1
5
2379
3
5
2
5
5
2
5282
401
56214
710
19
15
11
5
6
11337383
5
3
9
28
2247
49609776
49642777
3
4
30744531
1
782
12
4
78534904
1
46313661
15
4
4
1
1
1
6686
1
1409
2573142
6
5
6031
6
11342141
4
10918
5
24688
4
17
3
1
7
2
2
40171427
3
14537312
61
1871
2
1
15
6171
31517
6
11
6643
5
1262
2
10
6
1
1
5
7
6
3
1
17
12
19
1
49627145
2241
680
5
8210
2
20
3
4
2891
2
5
4814
3918327
15507660
2
1
12
8
18012680
3
1
18
13
625164
244
2
49611786
96192031
2
4
17
8097064
3
10047
1
1361
7848428
48284
4578531
3
35
2
41378566
13
49610851
5
3
1
1
1343238
1
4
37490590
5
6643
2
49617986
1016
1
19
133529885
4
125172686
100037759
3
11
4
52127271
67
4
9
49618048
2
2
2955
36998
5
11
2
6
6
18
62
1
5
18535721
3
49616289
2039
465
13
5
9
11806110
55
10
10
2
10174
1
106825
20
465
2
49608419
85
38710004
276
1158053
5
2
1
2
16
7937010
6
96614769
8
7
1
6
4859
6117
18855
5
274
19
49642719
49621778
863
190
49115234
4806
190133380
16
3
6
2
5
5
5
5
422
1
2
13
3
8283977
49624672
22379
49617986
3722614
86338928
49618048
7
9
5
9411
9
1211
1
2
13
3
49616898
3022
16596
4
4
27
8
2
17
8
3
5
15
2
2
4
31749502
1
56640
4
4
2
6112
1
13
1
11
5925
2
37009
5
2
4
11
3146
3
62845
3
10
1
10
9
10519
17
6
5
1
7
10519
7914
25
210
17
6
3
13
49632151
1
190049794
19982
3
1
5
1
5
81294
5
2
182
8314515
3547
3389
294
1
4919
1210
1
27
389
2
3
170215357
1
49608692
4
15801
5
24
8
25
422
1
1011
2
7
4
11
1
1
1
12767
3
1
5
70
870
2
31
5
5
2
3388
11
3
14231
4
1
18
18041828
312403
5
4
415
5
24
6643
4
24
1689
35467
11538
11367551
1
5
1
2
91847
428468
435
4
4859
14
5
5
34587318
2
5
2
5
38735426
2
29249
2
27
1
7937010
9
7936988
11286600
2985
2
425
4332
1270
739
17
49615610
2
3
525140
1
2
21
1017
11
2891
5
6
5
6107
49620618
1
1
45231
1016
5
16
5
11471538
7
1
2985
37786
1
12
4
1
55
4
7
3
21
11341462
14240
18004530
1
1
13
16
25
1
67407809
438
8
18026859
5
4
18
1
57767696
33
10921
10036
3
1
20
55216662
6646
535872
5
6
10
3
18
4
16
10889
5
3
5439
1
10
34715088
4
2985
1
2
41784
1397282
9797508
56754467
5437
13
3559
49618036
11
1
12
1
12
20
10
465
1
21
3
49642998
232
1
13973
6
23
83319200
3
1
6328
10
2
1355
1413
5
86889
11990
12
23
2
2
1
257
96452
1
14858403
96614755
11342141
10228
324
3
13559
529
4
15
1401
3
2
7803327
5
1
49609776
5
1
2
12
2
4
27
16051891
2
7
4
16
1
11
5
3
1
40168490
13
453
49612210
21
2
12
5
16
1
2
6
1
663
136255
90103352
7
9
23
4
4
2
5
2
2
5
1
9444
5
20
5
5
33173
11
7
2
2
6
1
2
5
10036
13
3105
4
3
7761
7770413
2
11351979
6
1
2
437
850
182403
1
10
34278
14
2
1
4
4
8
4809
12
426
134916729
5
5
4
19275391
5
5
1
8083078
8692
38339359
10627531
3
5
10
80647567
5
4
25
4
8
3
12
133700591
2
1
1
1
33
4
4
5
4
502
2096
5
1
3
6
2716
12
44576
1
11
2
4
8
1
2
4
326
3
12
10
5
1
4
11193
45146
7937003
12307
7
1
5
5
49618048
10509120
6
1
40228122
4
3380
17287
1
7925
134912185
8561
40172210
296
3393
133578308
25
11176486
22
10
2975
12403
93654
90482099
9
233296
4
1611
9
4
2
22369
5
1
2
11339082
1
101153791
8102
70724791
410
2
1
1611
1
25
7513
5
3
867
5
2
4
10
21
8
2
54133
449
2
1
14
612
5
38274828
1
430
49644749
53
2
267
5
14
4
5437
683
3
12891
2
69439
49611551
5
656
1
68920092
49615610
31
2
93469248
40172196
5
24971586
16
5
711
10782
11344792
1
2037
3
12
12
1
1
9
8
2
2
2
10568637
4
1
4814
1
8265992
1
8083078
19
2
3225
14094
52127258
3
185
5
7
2
18
465
7
7
11309
11348240
49612548
1
430
6
414
16
38812999
180
82392213
122454601
5
5
2
14
1
9
136
3955173
5
1
1
1
5
1
1
1
1357
16577
2983
1
271
4
1
5
13
10
7071
16
13
3
16
126
841
1
1
4
3
10
5094
2
94683
6
5
36995
16
1
1
8
2
169
2040
6
5
3
5
157
12
15193
49616885
54848
2
4
1
49709743
116408849
980
4
5
3
18
6
8239675
18966
4
82024
1
1
7488
1
16
2
65691
5
5
32
650
2
64090613
233296
4
2
4
156000166
20
49611196
40737816
5
1
40117952
3
1
1
33674
1
15184
10915
5
40
1383
1
18035299
346
8285106
4477
25
250
603
5
1
1
10763195
7926
4
1
1
5
58013955
91556
202
1
1
24629
593
49618048
5
4
4
18066350
2
2742
16545
31971
1
39282
1
34581174
1
49605915
2
56145
2
28
4
1
3
6
52041
5
49616691
49709158
2
9
2
5
45903
1
5
5
44155
2891
5
3
4
9555
5
5
49621032
14
2
10
40168492
7916
1
11822680
2
96614762
4
4
4
4886
2
2
5
1
5
490915
7
1
5
18
138927556
2
1
38149141
49642719
1
37
5
21778198
52127217
15
6
12
7
4
2160234
11
14
11367887
5
4
2
5
49588823
1
5
17
7922
5705
3
3
7050
401
6
5
3383
3058
1
4
2
1
22
5
1
5
2
1019
6
29
8
3
14
7194
3741
2043
96614775
2
40798
1
8109
2241
93469544
49610825
1
2
4
2
1
5
2
11
49642379
16
5949
1
15
1
5
49115241
2
35454
5
5
2
7752074
5
1
11342141
5
2
1
14268
2528843
2
1
103361
64848
1
5
40953764
13
49617368
1
1
3
21324
1
49641382
2
8083217
1
518070
6
16221
4
53986407
2549
19
3018
1
2
14
5
1
49642378
233296
4
679
18073120
43236850
3386
11365806
20
3
26
5
79419
199
49642776
1
27119
98587916
134912197
8
1
12
2
30
15
6
38299992
1
8
11221598
90719301
3
2
36091
6117
8
5
1
4809
152
1
2
5
7936990
12
1668
5
2
190670397
19
1
3
31
2
23
10
3106
8
1
860
1
9
1
3
20348
72879489
1
4
7937003
1227002
4
33172
5
7930
6116
74710459
5
72884231
56734832
5
2
90487874
34
6
1
2
40168483
5
6
6
1
38735421
1
5
3
4
1
21
4
16
5
96614748
58965918
8
4809
5
2
2
2719
5
1
84846
5
10
1
1
10
7
1
1
49618048
2
679
1
1
17
7809
1
9
70902
1
453
2
1
4332
5094
5
7
9
5
2
21
17
5
12
4
5
3
34414971
3398
49605915
3
2
1360
465
12
53986251
3
35551
4809
26
1
2
35453854
2
5
1
3
1
13
4
28802
7
2573142
5
140
8
10519
5
13
1
2
2705
1779
1
4
1
24578
56732895
22379
6875
5
4844
3
167
2024
49616969
24
11172448
6
45
1
5
5
17432
4439
1
509
5
5
738
49616969
1
11
16
2
16937
6
5
5
1
7
1
126
736
2040
2961
838
3
5
16
40
23372
1
1
5
1
49617987
2
5
2
6
3569
1
2
9496
1
1
2
2139
1
1
11812254
6
1
111672
7915
11173230
36
38275911
2
3
29242
16
425
16
6
3
3
4
328683
38767630
5
45
5
8
10
105217
4
3096
8
2
96614764
1
45
3
66
8
656
4
1
8
2563
49998
49622724
44575
14
9
3
8
1
16
3
6643
2
6
8724
7937003
72817247
11
7
49620938
15
1
1
7754555
1
54
41
1
4
2954
1
342
429
5
6
5
12924
2894
1
19922
3
49614164
41783
1
10878769
2
2
11305
2
5
55713
1
5
52
1019
1
5
28
21
2
37792
429
2
4
2
27
3
2
4
1
1
21
6
1
28503
30432224
3
27675400
101141547
8
3
5
4859
65339557
2
1
18080511
2
3
1566
49642719
8
1
4
184657
9
15
2
2
4
2
4
35514
1
1353
16
51592
1
18024346
2
4
6
49618048
6
91445939
2155
4
5
132124957
9
3
2040
40401
2985
7
4
4
11810641
18126070
855
12
4
17
10914
5
5
2
100
1
24
7
1397275
1
1
3
5
5
6
8
5
6
2
8
2
7
10
4
3
12
8
1
7910
2040
1
1
1
12
38292
1
5
845
25206164
96614755
1
2985
43025468
6
19
1
5
21
8
49618048
1
1
18
19
6
427
6875
2032
32
2
11
7936998
10179
1
5
5
5
178866537
132118794
6
44099175
49618048
3
133579761
14841697
17
41837198
3
12441
847
8083078
5
2
4
1
1
67
1
22
18073569
42
3
1
3
1997
3
590598
1447
1
1
29
6
14
1352
852
855
1
3302
5
22
359
6
2
28450
8194
11
38
3085
1
3
1
2
1
15
2985
5
40737816
4
4332
341
11367551
40303
5
23413
125
14412
6
6
49615610
4
5
341
356
87813051
2
1
3
5
6644
3
18057606
13557
1
27445
2
15
2
2
715
27596378
1
10
11
17
17
6
9425
4
2
5
49641369
655232
229
6
14
40737816
36
52
31164881
1
49629435
5
3
13
49397178
6
49587616
89891473
784
4
3
5
2
1
19
5
28482
49642778
20561106
82204
325
2
5
15
4
42713
1
18
57
5
4
7
1
9
1
190019996
37949
4
6
1
7077462
7886403
1
1
25
7936989
18
3
5607881
1
2
12
5
14
20
162
1907
39237
8880
59162
10
3
1
5
1
7
5695
6643
49621776
3455
73621
2
49642378
5
1
5
4
62501224
3358
3382
5
2
6
43
6
1
2
7921
5
5
4
35551
506816
9
3
50
1
2
5
14
32115046
35551
1
1
3
6
1357
259
10627548
1017
31183
1
28
2
1
122
18
4
18067238
12724
49644749
2
19
7936989
5
5
91550811
38264919
6509
11
3
1
54
40491362
5
1
342
6
855
3
2
2985
22
1
5
848
2
3379
860
1
625203
4
2
38339365
49616289
12042
26
1467232
5
2262
49618048
18004530
39
18041836
17
1
851
1017
43359
1
3
2
5
2
121976
1
13
2
1
3
15
1
1760
2
2
6
1
6
5
5
131
3
40737815
18
5
5
5
12
27463
2
105450
1
6
8
49641382
24
14
1
341
18147
9
18
7760
1
9
50
2039
1
855
2
5
5
1
1
1
7924
4
1
4
2
19239531
463
5
5
4809
3
54274561
5
49612551
4
28059
4
45852502
11822680
7223602
58
14
18
4
3
5
6
18
1
5
33642158
1
5
10
429
9015
287
6643
2156992
1
8265867
11886
3
35551
2
342
7066
19991
7
23393
2
1
13
2
7816776
38721531
49967
2910718
49622110
1
2
1
5
2
3
3
5
2024
1
10918
41839385
1
6643
21
101310
1
2034
7925
2891
7
21
4
57180
929
1
7804
495
2
2
1
5
1
854
5
5
18
8266077
296
254
57335
17
11
11532
49616969
1
18071345
31
5
3554267
8
2
49609779
2
836
59192
15
1
4
2972
4
1
5
5
18
1
1
6
1
49642778
5
11300635
49616289
34582199
4
412
1705
397789
7
217
2
4
11
49641382
41
6
5
1
3
844
3
2
10
1
38735420
4
269
2
1
2
8
8
1
6
2790
50
1
10
1
5
10915
1
1
52127275
409
3
49608675
18
1
154248702
5
8
1
5
1
1
1
2719
7
5
18123
1
750
5
2164521
4
2
11538
15
49089844
1
11751270
1
7216127
2
445
49580864
2
1
5
2
94167
1
1
2
143254255
1
96821757
10
5736
5
49642716
6
16
2
1
15299
5
30
3
1
108322
11
5
10918
34713740
20
49642994
60754
8
40964025
10
855
506603
17
49642719
38735421
42688
1779
2
3
2
5
3384
2
4
3
49189142
21
5
18300
1
7937013
7
5
2
11
5
4
19923
10
1
11
2
1
5
23372
9
56723223
5
55533871
3384
22770548
2
2
1
18066350
4
129
5
2
298
2
5
16
28418
11140963
1
6
41178887
27
5
4
30
5770261
49630703
3
5
5
2
3
3
2
5
17863
1
12
5
1
216
32924903
1
36
1
35
5
5
5
6
1
40
28
9
1
1
3
3
13
18
2
5
49642047
5
10568644
49
6
1
44027153
12
1
3
15
18035579
7
2109
1
1
2719
1
4
56934
7
1303
3
1
5
2
1
3
14
1
1782
20
5
2
1
38709996
689
2981
56943
4
15301
101768188
23
8
3741
3
40
5
8101379
1
2
5
2
2
18041831
4
1
2
8083078
5
20
5
5
3
7
11801335
5
113437
3708
8
1
14
12
2
5
5
49598870
2
772
111690
18033752
5
3
5
1779
5
532
5
1
1
31950
8083657
2
2252
1
11
5
5
15
23
3
680
7894745
2
11806022
8
5
1
4
6643
7
1
24
9
7071
22
2
21354
2
26101
3
5
7
122362121
5
28
1
53986251
7
5
228031
1
1
1
211
1
13
2
4
44
1
22
4
25329
52127260
2
1
4
1
78284
35454
7
65689
6
12400
240
90487905
1
2
5
3
11
28334
1
2
3
3
2
5
19
7
45537684
59149
49616898
1
4
4
4
96614763
2379
49642719
49616288
2
1
1
25
2
2
4
35513
27136
5437
12
4841
1
19
35515
9558
7
125172686
1
23
164
34
1
7
2
12
3845
4
9
133622822
18059461
5
9
302
7926
15088745
7936989
1
11803658
1
1
3
5
1
5
2
11
1
1
2
1
9
121
1
3
31
5
7
5
836
5
5
233296
26
5
20
1
11
1
320
5
65207
1
8
7914
11
16609
5
2
1
1
56405
16
78280
11295172
2
5
49609098
1609
2
1
1
25
7
1021
148
4
1360
1
6
2
12
2
1014
1
18041833
49618049
1
1
19
5
5
19
2
9
9
11303456
3
15
425
4
5
1684
95
11339422
3
6
1
13768
93710427
2
18004555
5
2
1
4
7303
1
1
19
3
19
1
3390
860
28809
2
9
3
4
255
7936988
43
126939300
18076679
1
293
49621451
6
64831
4
1
1
375
1
18
5
122461566
122542
1
1
3
2
22
5
1
2
49608677
49578123
1
101090119
49618049
7937000
4
17806062
37983
1
40737812
7926
4
1
4
161
30495
11
20
2981
7958
1
49645160
7
16
228
15
49642719
6296
33426
283
70
84
288
26692793
4
16
850
3
120
34
2
5
2
850
9
2
14
11549
38735421
14
5
17
1
1
2
13
3105
8210
1
647
1
3544
7
18
70
4
1121031
18033778
190065278
8
56634
41731
1
65
1779
2
4
1
49642780
2
3379
7894739
5
51
28517
54300
2
6
18147
1
1
8
1
4
2
32199
4
4
4
5
4
4
3
5
37256974
16051921
11367887
162
7
32202
7915
13
14
19
5
118
25
1
49609838
5
3
29249
1
8
1
1
3007
10
1
4
1
1
11
1
49617368
49642708
1395
49626863
5
1355
12115037
1
3
108272315
11046
16
15
3
10
78
20
4
1
4807
1
1
1
14
2
978442
56945
625181
21
20
4
166
2
3
7937015
614
5
1
10
1
5
1
49642378
6
5
5
2213
1
1
49611101
5
13
35068
2
2
1
116232123
1
7
32151514
3
5
1
38443141
5
294
1
2
12
5
4
1
36
4
5
2
7008849
2
20134
1
101402871
2
18032200
5
5
10
11347575
3
5
18
18025955
6
9
3
1
105497
14986
5
12
8
4
1016
1
133521540
4
19
6
3
22
1
7924
16
13
8
22
204
4
193
1
5
4
13
11356643
21
41318309
6
5
2
1
261
1
4
1
11340102
751
3
18041846
2
69951096
3
5
14
10
7125026
2
7747047
8690632
34409
22
5
1
5
90487884
5
11934
145
5
3
12357241
5
3
21
2383
7929
16
250
3398
1011
26
49626525
4
122546807
3
678
35551
12
2019
7926
4
1
5
27444
2
1
9
1002
49616690
12
3579
8
11
5
11342142
2
4
38264649
1
18033698
5
1
3594
366
12402
1
1
2
1
5
28
2
13
31
5
12402
49115238
40168526
2035
422
1
3
2
2
6
6
7620
49618048
24
9
1
3645
1
294
6
5
5
1
238
2
5
1
2
4
3
8
21285
7936989
49621278
7816773
1
1
12809
27
8
14
1014
52285
4
38
281
3
2
7917
1
12
756
15
6667
5
2
33156
43234303
49539349
110
5
1
2972
1
28
4
6
3
311
5
3
4
2
2
14121
56711835
2985
1
9
38709914
1
4
1
10919
5
441
5
29720
80650242
10
5
3394
6031
5
6117
32202
4
18042665
4
8
40172211
17
1
10755963
7
8
2
2944
16
2
3
1
5
33
49617987
51907
1
1
17
1
3
7
5
6
18041826
1
12
3
6
3
775
94473337
5
68133011
49617986
40168469
1
1
8487
7
2886
2
4809
9
3
35512
5
49614250
21464434
8
49616289
64349579
12
2240
3549
6
1
359
5
2985
1
14
5
2
739
7
1263
8
1265
1
1
1
16
12
1
2
5
26184
7
1
5
40168736
28
5
11
5
860
10
18012657
4
5
1
1
43239781
1
5
22954051
43236347
1
1
7
48667816
153
1067940
22592769
210
1
12712
5
2
2
17090
5
6
4
1
53986251
4
284
40491366
46
184
853
52127217
49618048
5
49616289
35
5
5
126998646
10918
64744
24
4
2
23
70902
52127217
8328546
6
797
542
9
6
5
22769044
18034876
1
30
18055128
21
14
18006032
29575824
1
11756
8310241
3
20561106
2
8
1
10613803
5
2
2042
5089
7301
1
14517756
6646
45
3741
11
17416
5
5
1346
4443
2
15
5
19
2405447
143
5
2
9
12275
1
2
2
7936989
5
33104
11
651
1
13
2
7
2
678
1
3007
1
4
5
47580
148978
7808
10494
26178
35551
5
12357
1611
1
45771340
5862
1
9033
18
1
1045
3
4
15317
2
3
2990
5
1
1
1013
22
49642719
2
27673139
3
5
4
206
4
5
2
13
42
68413310
5
6
11171793
4
5
14
10
2
1
16333
11543
10
119272962
21
49630030
49631135
16471
434
2
4
2
1
42084638
4
1
1
1067
16
22378
40168476
4
2990
6774
5
10
1
300
13
1
49642779
2
4
1
37259699
12
6643
10
5
1
5
6328
2406807
8
7
2
1
125177533
1351
1258
49642730
1268
438
5
47572
14
93264
3
1
400
8
8083667
12
529
6
1
2
2
49616969
8
18
3
12
5
4
1
12355707
5
2
856
2
18
6
5
138
2
105450
2
4
3
53986241
5
6643
10144463
6286
11217312
2
2
5
37261728
2
5
2
5
56626
21
11
5
4
2
1
20
1
30289
18085201
1
11353930
1
7
1
6
4
1
49585242
1821128
5
3054
5
7964
10996008
5
170410
1
5
2039
7
11
13
5
3
4
49617986
9
5
4
1
5
3
860
5
11
99
1
5
28503
5
5
45683
49642776
49629440
12
7
13
6
2
5
4
7056
1
6774
11
739
4
1
2
7894739
5
541
5
46040
125155280
3
1
32
742
7
5
5
4
11
49631060
1
11
40737816
49642719
6644
18025962
4
447
3
5
35551
5
49645422
1
1
1
425
49618048
1
180
4
3
6
2
18
6
72879489
5
5
3
4
421
23466206
49642719
10
3
5
51192991
6
1
1
5
16
5
49612584
2
5
1
3
2
83325906
6
5
101408124
3
118251734
14
59162
6
2
7922
29249
9
16
14
4
5
218053590
7926
17
1695
2
2
18
18070022
35551
1
5
2
19
1
49609838
41839394
43760640
12
123
11
227129
9
3
2
49624012
5
9
25
4
1
4
2
7933
2
11046
11818155
4
6
2
3
52128234
13
122445012
7925
1
1
14
34
2
5
2
835
11
8
2
36
1408
28
1042
5
45790869
16
32
2
1
13
1
15
373053
57063
4809
5
2
4
35551
6
4
133621043
2
3
27597604
3
188
107982
6
1
10
11363089
1
405
4
49618052
5
178
5
1
2
65665
1
1
1
12
7910283
49617986
2
1
49610852
49642719
8
1
4
7
21
13
5
8
1
181
40
6
9
5
57820
2
7926
18
5
4
1
5
5
1
1
5
522
35519
11
9
5
2
18
133682955
1347
2
5
4
1
1
1
1
21830
17
1
1
18076670
4
8
49616013
3
4
2
16
13
1
1
1
1
2
5486
111697
1
38275436
1
1
4
12402
5
26630500
1708
2
63788732
23
6
5
5
35
6646
203
27704
29
30557390
5
9
1
26
49616289
18
6102
1796
6
23530
17
2
2
25
49616290
2
5
8310467
5
1
12
7952
3
5
57114
40737816
24
5
1
11
18090
1
22386
3
1
1
49591357
5
2
49618048
4
7886403
1
2
2
5
49201396
1
1
1
3
41
852581
1
17
2
6641
17481
27673150
21
9
1
1
10
5
5
17
5
7943
62499779
2039
53986249
4
38735425
2
5
5
799379
38735421
3
3
1
49616969
3
4
40737816
1
580
1360
3
1700
49642781
1
22
20
2000
49580842
2
3569
9
5
1
2
11260
7926
34582199
64820
1
5
1
5
52854
49609590
3
9
3
2
1
2514
2
10
134911929
18066354
2
12
18
26
49631811
3
4
1
1
5
4
1906
6
1
103189
1989
93469211
1
1
5
8001828
8
5
4859
45370010
16
13144
1
87618
56756514
7768688
40491362
21
3
5
49642779
5
8310438
5
2
5
6643
49608688
21
76776
2
2373
14
5
1397275
3
2039
2
5
49609779
9
7
1
2062
1
1
1
3358
84
10326
1
13
10887
17899
20561118
5
23
10013
2
6031
1
45612
2
36411
111643
9840
1
5
1
29145
5
101146074
4
3
4814
9
40491362
6
1016
126992873
12581056
7944960
341
7890
9
5
5
10
49617987
14
1
10
29295
93001
11
4
1
2
10
117121
2
6
95169
652753
15
3
8
4
33
1
398
4
1
1
16
134912212
2
5
1
30
12
1
5
3
8
40168526
1
18076220
5
4809
5
27267550
9
3717
5
33
1
7816765
18072301
24
20
3389
5
2
1
1
6654
5
1
2
4
4
4
6
2
1
12
49642723
4
4945851
374
1
41
1
9
2
3379
44149
6643
18
3
5
1
5
5
5
1
5
74127539
5
12
1992
3
5
5
2
6
19
2959
49616289
4
1
13
2
425
5
2040
5
14
3328
9015
1
27453
15
14
14
18
11340102
16
1
36666
1
5
12
49616289
12
4
1762
5
710
4
5
1
11
14
18076669
2
3
2
1357
1
2
9
5
7
1
1
18
5
2
5
49607981
49617987
4
7937005
1016
5
7924
11
21
2431053
1
57739
1
7924
4790
21
10478
1
133583047
956
3
8289
3
4
1
49616289
38379168
5
7925
5
1
20
36473405
2259
1
47575
1
4
5
38358728
6
17986
11
1
15930
38275233
5
95
5
90366430
41839072
83312333
93469226
2257
22
1
9
49615641
1
5
4
1
90499228
1
5
4
134916749
5
1
2983
5
5
4
1501
49642779
5361
1
12
3376
1
1
2
11
7931
17872
475529
20
2
7894739
1
532
10519
17
3
8
428
1
3
34832647
6
94
1
4757
5
5
2
40491368
16153
12
55788949
855
2244
11
2039
2
47
5
4
11340102
17774816
4
3380
49642777
162
772
1
132
72879489
2
2
61828
18075290
4
19
10310
32
113
43236860
1
35
18
1
1
5414
1
2
4
9
23
468
4
221
3
1211
56180
9
41328
49644331
1
1
327
6643
1
49621293
49612567
11
2983
1397280
2405449
4
49643795
25
5
49642775
1
5
61
4
3
4
6645
5
3
11
1
1
3
4
18016469
38735445
7
5
3
18070022
2
6117
3
3
3
40999871
2
11339422
1
1
109486
3
7
1
18067245
5
15003
43641308
14
7936989
18026838
4
3
3
7965
14
5
425
4
1019
2982
2
3
18
132
4859
49115234
49616538
3
2
1
35519
2
8310558
1
1
3
5
1
4859
8083508
5
3393
13
49642129
7
5
5
4
1
24726
1
31
2027
4
3
28
3
18
6
5
130
3035468
1
4
1
11
3
25
2
2
14171
1
3865
7894739
2248
1
2
4
7963
258
1390
49606259
5
2719
18140
15882749
40168476
4
45530547
5
733
2
11213310
1
2
1
16
34616963
101127180
3
11
5
2
88109
1
8
2
1
5
45263
6
3
36716
18041837
1
5567
22
1227
2
73
2
1
4
1
16
49616969
2
1
5
2029
2039
2
5
2
7
1
68
2
5
190053081
20
15
1
163910
8
1
6
679
2
49642776
6
5
30
1
4
15
2828
19
2
49708963
4
18
2
309
7
1
266
12901
2
2
40168476
11295197
295
1257
15
12
2
17
2
5
37256974
6
213
13617
3
17538
1
4
12545622
1
7717368
2
18
20
8
45137
5
10
35514
142
5
6633
3
11140978
4859
233296
49612893
1
6
6
4
2
38735429
4094526
20
82731081
233296
6661
11
2030
1
1
1
2
6
49577437
11532
49618048
1
71058880
5
2
7
10519
5
4
29249
594
10045
63754532
95476526
49642776
49618048
18137
49618048
13
6643
101360759
24
6
498
4
72652518
5
5
44
5
1
340
5
125176128
3
1
4
8
49111
35513
8324178
14
3
18072155
1
7
34711399
11
5
132
1
7
4
5
2
1
18
2
4
10
1
6
7
1
4
7
2
11822680
141954395
6647
1
2
131536040
3
1
1
53
3037
341
1
223224877
3
320
7
16600
7
679
49578456
4
14517769
6
7128
23
2
2
6
6
49621036
1
855
4325
8068
2053
18
13485
49615670
3
8
10179
22
49621029
2
596
5
53873644
5
1
22
1
4
155928103
6
29
12
2
8323056
179085
1
5094
1
11155572
1779
3
35551
9
31
5
3
2
57742
2
679
1357
11
1
5
1
5
3
5
2038
535
28
329
2
18
6
5
715
4
2
5
4811
5
7
49709741
14644301
44
183024
2
7
2
5
2
11818155
21
1
2
11039
2
3710
5
29040044
5
18
3
5
35
12
21
172
38735428
7
16
7937012
59154
2
3930447
3741
4
4
223
9840
7936998
7489
2
9
30
4794
5
49618048
67634
46244
5
1
5
19
30
1
5
10
14
5
2
29
5
22173
1
2
38264918
5
9
1
2
3
5
11207480
5
11
139
3
684
41
1
43450
18026862
1
12
8
1
35267410
1
2
15
7936989
49618048
5
7944960
12045
65702
5
3100
5
2
2
3
4
3
340
35498
2
17
5
5
21
124344
11
1
2
5
5
410712
4813
5
2
15
13
5
7915
26
49642719
2
2
1
6
2
17
57703
4
2
2
2
22
57785
1
5
1
106997275
4
77838
2
4
21
38766381
9
5
5
2
1
5
7
6643
5
356
850
2
24
115374
5
30132189
4
1
849
5
19
41
58939
674
14
1
15
2
1
6
17
2
7
3015
4
2719
12
1
7
1
7
16
27444
5
7079
6
9442
49594321
11
1877
32
49609776
10516
101139903
49618048
1020
5
4
7914
49618006
5
49642781
1
5
8
11342141
3
25032
5
10
796
6178
233296
4
1
2
112286058
6
8
1
83327440
1
49642775
1
5
5
3
5
80649648
6
38735453
1
3058
7937015
8431
7
5
295394
49634516
4
14
18
5
7920
5
8083657
1049
1
3
18
2249
9631
5
5
10
16
1
3383
3
4
21
1
6
1
9
1
49622110
2
13
11181406
13
9
1
715
57995987
2
8
11805775
15
25
1268
1
3554260
5
8310558
4785
49618049
19
7969
5
18
22
5
2
18070021
1
18035577
6
8876
12
1
1
11
2
1
1
2990
5
5
5
9321
7
1
41422
55
6
1
1
4
29
99481020
11
80650230
5
55
652792
2
4
7
1
850
2
231
6
26814034
2
5
8
7
38358728
6883
213
2888
1
6553749
6
53986251
2159896
1
1
4
4
3741
1
11570616
9
6
15462
2
264
18
56637
3554267
32
24379
4
226
1
2
2
4
5
2
1
1
1
34969
6656
1
4
425
10851
3377
65
3
49616289
5
49616969
28040
11822679
4
5
5
401
2
23634
49623064
2
21
4
7310
7
38
5
7942
1
33668
1
4
19
9
6643
9
27444
12
10
17425
3
22
2
49605912
14
41837473
45928568
5
16
45895
7936990
1
2406809
101159694
9
4
8083078
1
5
143188173
5
1
30
3
5
4
1
3
7516317
8310255
7960
6
18
5
1
19988
17
1
1
5
4740
2
123529
5
4859
1
5
2
9
49614590
6
2
2
3
5
7936988
2045
49642715
243089
9
5
63432748
2
5
1
838
16
401
35551
13
6117
28
2973
15
49610852
5
1
17
4
2
20
1
7936989
10
4809
1
4
14
9656
5
214254
1
60018
5
13
10
13
1
1
1
5
1
31
24
5
4
11333651
56611
5
40168468
7
31
18180
2
1
6
7
32202
53822468
1
5
7926
3
2
5
59174
5
851
7
7
3388
1
8328530
14
7781
424
5
328683
1257
40838372
1357
5
49610856
1
1
40196056
6643
14
58
1
1
4788
1
2
21
4
5
18
2
19
49616898
2
1
49617987
4
1
1809162
1
3
1
1
1
98306427
2
4
18
18
1
1
5
18084330
1
19784
1
2158023
6
30289
40737816
6
12
5
30281
1
12
12045
7
4
53986251
36
7925
2
18
1
2
99
5
58
2
5
174
112
10
4933
26779460
3
1
855
5
4
18012675
5
7941
6
134
1
12402
18
6643
1
5
7929
3
21811
5
4
3380
1
17
27683170
5
1
465
5
5
18041840
2
4
11
2
15522
49614159
8038
7933
24140020
4
26
31
1
1
15
1
1
2
21
5
170834
5
1
4
2
1
190057781
101161963
2
5
14
8
49608673
12749895
312388
2
7925
2
11
5
5
49642786
63952
463
156
3
2
54563781
314
1
3
756
1
38249
1
23
5
3
10
10
2
2
30160
49641429
37259694
4
47923568
3
178
25
8
5
1
12
5
1
121343
5
4
24
21105473
49642044
16479336
2
2
32151855
17
5
2
222708
25
2
8310236
12353
14
5
83323941
2
5
40168467
49608688
11
26832676
2
1
10923
5
153
625171
1
49615612
16
1359
5
6875
1
4
4
2
49631811
8958
8
12
12
49613136
2
5
8786
23
15
51897653
2
1
57296
3
1
68658545
49609838
90336
1
5
9
2
1
5
21899
67859649
2
3
1039
28516
79733
7937003
4
2
132883
1
7795263
101139896
18070021
32
5
446
465
13
7937003
7
1
5
3
1
2
11315558
13
24
2
2
162
5
2
55734
5
1
2
2
1
49623408
3547
29
26426
1
1
18073120
3
5
3
3398
4
7937000
3110
49586255
143221474
5
4
1
45830920
5
5
21
2
929
4
3
190030280
8101356
16
2
23
2
12
9898
10
3
5
4
4
1
4
679
2719
3
855
56830640
457
5
2
1
11315621
4
8
49618021
35551
45614
8083078
4
34626
38678678
739
1
6
49620938
7925
5
55
5
8101388
12
65670
25080
5
22084025
7924
11
1
4
13921760
227146
16
5
12
3
2
1
8081118
18076679
2
47
4
5
5
4
1
2
5
1
1
3
6
1
16
5
49632831
5
23
49629440
1
5
1
4350
49618048
1
1
422519
7936999
5240
105
35576
8210
401
6
1
35500
13
5
4
5
1
13
4
5
93470437
2
6875
4809
2
42715
465
5
4814
13
3058
5
342
2
6
3
10
10350
20782023
7113
6030
4
342
53986407
6
1
1
16
2891
11818155
3
2
1
17276
12357236
3
2719
1
2
8330
4
33028
8
11
92
2
3
2
1864
5
5
6
15850364
2
424
1
2
2
8
2
142759769
5
16
3547
6
29
5
5
2
78
611
101112483
312392
1
1
53434
1
5
1
10
6
115948
37
12
2981
233296
3394
5
49609348
1
3
18073134
26
11330878
65
26692792
1
170215385
4
2
26
49618048
49611786
15
5
2549
7
8083088
427
5
1779
2
249
34832645
1
24
4
49616969
23
15
2
5
32
2
12
5
4
2
4
1
49612584
6
9752922
7933
3376
49622116
5
6117
8566
23
5
2985
5
17276
1
7945
49644749
22
1
824
2
1
2961
5
5
31
15
5
5
3
49642719
2979
5
17986
2156
5
5
69
6
35551
8
1
2
5
1
49621774
46
2985
3
1
1
10
40492730
38357998
3
10
8
5
3
49642776
2039
204
27
7951
4
1
8114
17422
49632838
14
26692806
1
49613299
190093467
8
7945
13
8
5
2
107523127
2
1
9
1
7
12042
1
3716
7937014
1
68352717
1
5
5
2891
146
8
49629852
847
2
36811
27673140
20415606
3
18087104
2985
11664711
625171
2
17
19
1
49617986
739
7
2
3
18076676
14
1
1
2
2
6
4
4
301
40168476
5
35694
1
6238149
1
5098
11
5
1
36704496
5
1
49642784
5
4794
49616540
7
1
1
6
2
8
15
2
38339359
2
1
1
28
3
37
2
11208626
7936989
4
14
5
5
6
1
49612232
5
4
4
14
12
2
28
401
1
2
539084
5
6
7934
7
17
533680
2
5
11
347540
1
2
1
1
18040082
6
5
4
101146218
122376902
35718
7936989
22489
1
2
33972
54291063
1
5
11366541
862
2327
2184
2283
852
5
12
2
8310247
49614159
12
2
3
3
12
342
17
1
134912216
6
28827
49609779
8
4
11
1
92
11
14970
49618048
1
6
5
2
12357262
5
4
13
1
14
4781
125176623
38264989
15
3
1
11
1
1
402
1
3
5
13
30
7
4
4
11
49576764
5
854
22
28124
11033879
12291
49616289
11822680
29269
1
10
18041802
36
5
2
49612211
226958
49642719
9223
49616898
6
1348
2
533672
6
1
2
11818155
9241508
64861
2
2
49608686
18004538
49621383
2
25101
1
41181915
856
1
2
4
7008849
2974
2
18321
18041860
7927
24923
7
6
49621278
2
9
17
2
18004528
3
1
6
49616289
5
2
1349
49630102
8
5
1
1
8101570
4332
21
49642779
9
20561108
49616690
23
2
1020
3
7
2
1
2
49614250
1
849
4
3389
190069076
3
5
6
4
7
2039
6
40737812
7
4
2
14
5
1
33
56198
14
81907
166
15
17
40168521
3392
1
8
276
5
4
1
1
19
14054026
1
49616898
7
8
7916
13
49616291
11
3
1
11
1
11556499
2
15
190128561
5
5
4
3
3
4
7
1
3376
8
3
1
5
5
4
4860
12
61
49642699
17641870
49618043
13
35227
4
2
16
4
21329
1
5
2
5
11169460
5
29522145
7926
32
227043
2
2
2
3
5
78288
4
153491
2
39
10
15930
4
1
10
13
17
18025956
20
1872
13
49611764
28
24308
49642719
252
3
41434
8332773
13
3
5
29833026
1
29249
50
3
1467212
2
5
3743
7932
36713
1
1
11
40491371
49618049
2719
6
186889
44646
1
18067247
3
18
1
49626870
5
24
1
2774
11339422
7915
6
2
2039
46316081
37260371
2
6
1
23
23
9
38275074
4
11383521
1
4
4799
62
1
2
8
6184
83
1
4
5
18
1
1
8
8083668
1
1
3
19
4
1
14308
5
5
9
3
16
5
1016
49616969
1
19
14373
425
1
40168468
2075854
1
72853400
5
4
8265867
5
3
1
5
3
12
6
11801794
4
17392
1
5
27673140
1
15
836964
5
23
5
133686236
2
49644749
16320
38265579
4
2
3
1
3
10918
8
4
11217707
28503
5
1762
30
1
625154
1
10
2
2
5
3
6
21
2
18081585
4
1
11340102
5
4
1
9
1
14
11180869
10
1604
5
2601825
18
18012620
3
2
49642779
1
166
4864
5
5
5
53219
2
6774
110
6
233296
19
1
2
2
3
18066770
5
1
80
1
6
2
1
918
1
18
1
2
13
5
1
10172
7965
49605915
7
7050
7816758
12
35
2
7937000
48131
5
11
857
5
2810840
850
1
1
1
1
4
7937
16609
1
4
5
1
18860
2
4
4
6652
14
7945
22242864
1
6
38266022
7926
1
2990
2
27456
1
1
5
5
2
1
2
9
2
5
16700
31
9
2
8
49612573
15
1
4
1
428
38735437
7
6
2
1
2946
28503
49618048
1
4
7924
7929
5
5
240
14
1
1
1
16
3379
1
478
4
1
4
11
5
4
1
2
4
6
18
3
38735428
5
853
4
53
21
26
11
124
65
5
11
143
14
7
2
855
7929
1
16
5
19
3
177495
5
2
7924
3
41812198
35551
1
35495
2
5
49641350
49710062
49645082
11196001
5
34715733
23981
1
1
2
1
1012
11
14358301
1
1
1
11
5
7921
17862
1
9
87060
103
49
2
4
2888
40
10
1
7816744
12402
15946
737
371
19
40168480
1
5
49614590
1
11
19
101390462
20
1
3
4
200
10173
62466872
49642775
4
5
49617987
5
7
1
5
49612572
1269
2
49617986
2
7
3
3
1
751
14
5
19
2
5
17
16
7
2885
7
13
1956512
2985
5
1
7
5
7
24
5
5
2
1
32124
1
5
276
1
1
2
1
2
3
61922
6
1307
5
11
10642946
2
9
5
6
9
56444744
5
7056
1
1
422
3
5
4
10
2
4
652763
12
49575765
5
40168509
7795282
323
6117
844
831
7
12402
5
10
2
5
10
26
855
187
3367
62
10
7937000
409
5
2
5
2
2
1
49616010
2
2
1
1
4425
2
2
1
3
16
5
2
12402
40168492
518477
2
8265982
10
9
1
7928
1
2
5
2
20
3
1
4
3
12
2
28
13
2
51746361
33
5
1
10
2
1
3
55
35514
4
1
93750593
272
1
22
10519
6190
5
11221824
4798
4323
101072
142
2
20
1
2974
7
189
28894212
5
6
5
15930
18123
6
96614714
3
1
6
6
30
32908
49642719
5
2
5
30281
5
5
3
1
1
6
7
855
5
14
2
3
49642719
3
2
2
2
34
7937008
5
5
49608615
5
3631999
1020
4873
2
281
308
778
1
15
5
64264
20135
1
5
5
11801230
33
2
25080
1
5
1
2
2
36723
14
8
4859
59174
11
12
19294049
3
1
34357291
1
19
5
37262394
25
2990
351
3
42805153
860
55
5
22
4869
49616289
27455
9
49616288
5
2
6
1
15
21
38174
1
17
62212933
4
18070020
529
2
12
1
4859
24
12
38714770
18
2
4
465
5
2944
471
7
10
3
4
2
1
2
9
8
23
13
1
2
8517077
49615670
18084006
6
4
10
670
49622724
1
5
2
5
2
49618048
19
49617365
5
5
98
56181
3389
2
135976221
1
11
10
5
3
4
8332773
32606
17
5
11264000
1
846
13
5
3
5
52
2
40168526
190015287
18
11
1
4
1
27
1
2
3
18032634
49621775
16
36126
26542
310
5
8985194
16
2
5
1
5
24776
8210
84168741
1
49612908
1
5
611
1871
49617986
233296
1
6
119607
2
3
83331459
7959595
7
1
11
1
8210
18147
4
5
3
2254
2
3
6
5
4
2
42713
1
2
37
465
67048
5
83379
4
10043
1
14305
12
2
5
11350608
5
8
3
2
9
29249
1
10
2
2
1
22365
49577461
6
40168476
49615493
2
50
4
1
12
1
70562
2
2
13942
1359
1
5
49586255
2
4805
3
683
2
7615
5
282
1
27
5
390
3
1
5
5
49608415
342
3
2
2
5
2
1
5
2039
1
1
5
5
49618049
11
1
6656
426
1
1410
1
32
28
1
38264989
5
6643
5
1
5
2
2
468
8265985
1
1175
2
5
2007
5
4
11343145
1
5
1
71
49629441
3
263
25
1
49642779
35551
5
2
101139888
15
44610559
1
2
6643
6328
5
25
18
21
2
49610852
49709617
1
38275569
645
4
101360760
152320
3
2
1
1
2
3387
53583
1
13
53986314
1
64261
49642777
33367
20
3
401
18
6
298
7928
5
3895016
2
25
105705
2
5
89772161
6095
2990
52127283
1
2
1
12
5
1
5
5
1
5
2
1
680
49580845
5
2405447
2
1
1
2984
15
49641429
6122
35551
5
1
14899161
56837110
7
6
4
1645
2039
17
14
9
83329168
5
1
10
40194275
7934
3
1
12
5
4110
2
2
5
18074699
84708928
24
3014
1
4
5
22893225
1
11473
659
3007
49642779
1
679
6
9558
7
1
6643
2
2
1
70570
31180667
10
5
4758
19
19640
12402
76905
10012
4
37249632
18
5
450
96578
3
35
3393
1
256
5
2
10
3
16
3
4
2
2
2
33
9
143246924
49642731
8
348
5676
2728
6
2
5
5
7
49611101
18038833
1
3
305
5
4
22
23
2
2
11351979
1
49618048
1
5
3389
35511
895
844
64511313
22
32583
4
5
2241
16
1
7
1758
11
5
40491362
14283
6431602
2
5
4
156
5
6201
533692
6
7945
49642783
49585211
6
12
49591688
8265918
3
5
13
16
3
5
851
4
659
64838
2
5
2
7
1
15
850
24
7
5
5
2030
23393
17
8083723
15
49644749
233296
1
5
29
1
850
23
1
5
1
1
7635
4
77378236
30273
1
62501410
1
60682857
9
49642785
1
5
49105808
112811403
2124
2
855
143258999
739
2
34918
6867
94723
4799
1
2
2
59881471
16
213785
2
3
22
2985
3549
2
1126
11
20684
1
36723
3713704
6635
7
9
113783
3
5
6
5
4
12
5
6
18066770
1
2
21
3
11908
1
11
16
12042
13
2
1
195
7923
6
40
4859
13
18
72
23691
18
13
2
3373
3741
2
182575
281
2
121
21313
8283967
13
3
58
13
21963698
133296
11818155
2
3370
2
34715088
755
12
24
5
2
2887
5
1
815
1
36439838
16551
852
5
15
2
5
8061385
5
49765
2735
11818135
2045
1
53986251
15
5
1
4
30
2
15
1
6668
3
590931
4
989807
1
3
252
18008
5
53986241
49616873
12
5
27462
3
5
2991
12644
2
11378066
49644749
5
37256974
3
4078
1
10442
4
5
5
32
2
7915
2723
5
49115234
4804
3
1
794
18012646
2
54
4
5
5
40491362
3
190005648
11183405
6117
18
22
21330
8
20
131541307
8265992
1
5
1
90
14
59182
4
591
190029425
2
7935
25949
18300
40168476
5
14970
5
1
24
5
4
4
5
3
49621976
2
5
18
2
2
7
26687933
8
5
5
3390
9
11
34
4
2
11
1
1
7
23
49642719
1
767
1109
5
5
929
4
6643
18033798
2
49616288
2
4
1
3
2990
2
4
1
49622724
5
3
49621742
22
5
5
93714184
6643
5
38735419
2
49632834
1
1
5
3
2
2
7
134916729
3
81848502
4
5
1
18010899
6
1
110
6
11
5
49618048
49115241
5
12
2
3
11340102
8101398
53986241
22
8
22
49616949
17
1
12
38266350
2
2
1355
2
15
5
1
2
5
14
4811
1
19944
1
4
37259701
16
2868
5
7936990
1016
3
4
7
12
2
8735555
336
1
1
10178
1
203
5
5
5
1
16162591
40837569
1
56490093
1
5
182992
4
12
5
156
1016
33004
1
16503641
3
2
1
85843830
5
11348238
1
12
26692786
1
2
29
426
7
7940
1
11
1
3
38767646
9
28
1
5
1
9
639
7
40
5
3
1
1
1
731
1
8111
18076669
8
2962
2
3
1
4
13
101123504
49644749
47308
1
49115232
4785
4
27444
3
36127
4
2
13
1
3
3263037
6
5
1
1
28470718
72852045
25
1
17
18
2
2
6660
386
3
149318652
7508
18027363
49115238
2983
10
2
2
753
49619918
2
384
56626
93755529
27655550
15
5
53242161
39213
5
3
16
34411
2
12
2
2
5
36737
4
35514
164
19
83578
5
49618048
11
11499079
35503
10124037
24873
5
9
6571
2
7926
386
4
426
1
43237247
9
4
4
1
2
1
36
3
65852
16
1
6
6
7
7302
5
8086
9
3380
6
1
22
5
14
1
1
28804
49115234
1
49618048
26878992
6
5
1
2405449
6
4
18035516
5
1
35570870
61
1877
6
1
13
6543545
2891
8283967
5
21
295
2
272
4
20
4809
10
2
2
1
925
10
531
1
6
38735421
14
3
1
5
16
1
1
341
1
62871603
7936989
105450
12
3
8
2
8
2
39381
1
1
2
1
5
1
11330878
49642719
3
11273514
4
2386
17
10
49616540
1
3
50
679
6
2
27444
5
49115236
7937019
49618048
1
2944
1
8310476
1
1
1
80647564
1
12067083
4
1
2
1
2
4
1
7
13
5
49612552
1
3
1
49609776
4
858
34
2
2405447
1
2
19
18
1
9
4
3
35
5
6
16
7
38
15
5
12545
27444
49617364
5
1
2
20
7919
2
5
14
7926
21028
1
5
6643
48067
13
2
8
1
2
91548942
3
1
4
4
148985
1
14
2
1
8
7964
438
6
1
18065265
5
10
2
7926
26449
1
3
2
1
2
18
1
11
2
1
5
2
9
23
29
12287
20
2
8101396
5
1
45844999
20
4890989
49617986
1
35551
35514
40491362
2
16
15
6
847
4
26426
11
1
9
62880
7925
5
2
7
18
1
1
49643758
3016
1
1
7936988
24734
83331434
3
4
11
4
59174
15
5
49709031
11
11339421
9
5
4
15930
12
4
1
4
1
1
13
2405447
1
5
4
1
7925
7
2
14719
5
28441035
18
4
49611778
27
465
2
4
49624012
4
4
62
4
6881
12
16
5
3
7923
49617984
49580156
7657326
12
1
100976
12
1
5
1
1
1
5
4
1
2
9
13
10
14
20022660
1
8
47
29
3234
1
5
1
2
2
4
5
1
318
11284240
2798662
12357241
465
1
13
138
4809
5
4
51
2039
3
2
2
5
1
1
17
4794
5
1
449
8
2
4
679
15
8
10
6
2
17
38279576
35514
26094
56934
11621089
192
2985
290
52127259
18324
7
10326
1
6
474
1
1
37256974
1
42919
11
7921
761
5
40737816
120789
2
4
7927
1
5
5
3373
1
1
2
3
38767622
558623
6
1
5
1
12891
158
20
2
2
1
2
20
2
5
1
5
1
1
1
1
9
9437
11
4
9315257
8691
78
2
8283964
2
5
5
5
2
2
101117722
5
2
6
7738
3
1
383
2985
60902497
5
5361
490
3
6
42210157
6
190
49115234
5
202
18
5
175
5
2
5
38
1
2
4806
8577
182404
1
10
241
6643
38149137
17
5
32390390
1
120484977
14
5
3
1
2
5
1
1269
402388
5
6643
1
5
10
4
49642719
400
589
93314381
4306051
943225
5
1
1
5
4
5
5
5
1
2939350
2
606
13047
1
1
4
89702441
5
2
17
8
3
674
132
4
2
5
3370
92507
3
2
5
10
2927
1
6
20134
6
37237062
5094
5
1
105450
49626871
12
4
4
5
7920
91796
3
2
3
1
401
13
2
6
7933
11351979
2
105
2888
10204108
5
1779
13
1
5
5
498
1
122495786
18027373
24
49644342
11336709
10568642
5
6643
5
1
4
1
2
216
29
2
30
6
4794
1
18073126
4
3
1
7937000
3
2
14517758
6
49616898
4
13
27444
3
5
58534065
6635
8
3554268
11
7936990
7936989
1
1
6
8
49618048
5
18
2
49670
40168476
18
2
5
1
1
6643
1
15
5
1
21330
49642044
9
5
21
96274693
7
23442944
1024
1
21
3
28
4
2
2
22
3
1707455
130
14
24958
15
3389
5
1577
4856
14
189784370
1027
1
5
1020
5
1
49611101
19
8
1
3378
6
9
2964
468
8
10549
49616010
2
2
5
49616289
2974
11160521
10
3
4869
1
35512
1682
11
1196
9551
1
1
29819
13
2
1
31964
10627585
1
27
2
855
59511
2
12
4
6073010
28
1
3
5
1
4
18076202
2
345
12402
18301
14
3
1
1
22358
13
1
1
4
259
13
10
1
1
248
3
7762
17
5
1
51107252
2
16765
2991
101768188
96452
1
5
56812
1022
2
15
5
1
2
8
5
2
1
143238966
1
49614250
2
49616876
2
15
44623
8
48889
5
2
829
54921
2
3
24
2
49642719
5
9
5
19
1018
5
1
2
49115236
75
21
1290
1
49642719
42295
1
63882
49607257
1
3
224
1
4
49614510
5
1
1
5
5
9
49629435
830
15
5
2
10
5
35865
10
182403
1879
2
12
2
1
11
18010888
465
24
106
5
3379
1
32725
15
10
23
5
2
7808
17
40
3
3
4
2
96614719
11801530
3567126
11210195
6529781
13
18077584
59156
2
93359507
161120
5
7944
2837
2
5
3
424
1
11
2
14
7936989
2
193
1
1
2
7
11
10918
5
43
9
5
4992
1
1
1
1
12
3388
5
4
49631136
1
2
12235
1
2
227086
1
2972
1528
1
3
4
1
14662325
5
5
1
1
1
5
49616289
2
21
18041818
12894
6643
9
8310438
5
13
1
4809
9555
49614250
5
680
74947999
1
5
17
20561114
5
6
5
49612615
2
11
1
6328
18034756
15
40737816
762
7921
2
13578
1
2
1
2
2
7
2
927175
16
43
176
49617986
6
15
854
2405447
1383
3
16
1
5
5
3
2
1790
4
37
30
14
1979
2
2
1
1
38274828
16
2
8266077
2401779
5
1
356
1
2
15
23120939
2
1
1
13
7914
2
49616689
49631872
5
1
8328542
8
2
6643
49629432
11193
11058
4824
4
31
1
158
2
233296
8489
23509
5
29
2263
49618048
1
36700
5
9262521
1
1019
11
5
2
7
27
4
23373
49622070
43
10033
4809
3164
7
6
2
860
1
93001
24766
2
7920
5
2
10
1
6643
6
9
4859
4
1
16
699
7922
11818152
1
4
6
2
1
410
5
4792
12
341
22787129
1
16
6
5
2
49621776
5
7
1
2
1
2
40737816
5
60003
26
2891
5
11806120
4
27
4
6
1
1
753
6
49642779
1
29
1
2981
2887
7902710
452
4
678
1
4809
31050
1
49722830
2
1
6
11
141772
17
9
1525
6
14
1
1006708
3383
1
98586
795
6
856
5
1
54814
4
6
5427
7
1397275
56705989
11345516
1
70774
17
3
13
5029426
7924
14
1
10
41934021
64
18039547
3741
1
5810
4
5
9
14
12055
3
9
13
1
1
5
529
52127275
5816
6
1
1
2
7926
1
320
5
4
4572932
12
3398
1
40737815
12174936
4
6
2034
56202
18076673
5
5
80765
53454
22
5
11
2
1
1
9
2
14970
179
2
1
14
6090
5
49611777
2
2
1
49618048
2787
5
1
2
56168
1
5
5
16
7
870
20
1
16
233296
4
5
8488
1
3
1
1758
49608688
3378
51213
15
1
5
5082
3
1499
11367551
1
2
7925
4809
5
5
2
5
2
1
10889
15
2
14231
1
14
20000
2
1
6
4
2408831
5
5
10
2
1
74843
5
12
5
7937014
2
22
4
126
23
49609838
5
65632
60577
227161
1
20
36127
5
1
42
4
4
5
3
78534937
2
27
2
5
11
2
1
1
7
181340723
1
34618
6
60562103
23
18033787
13
5
190005646
57136
6041
2
49624012
6
40737816
12
11209008
3
6
67569
7963
12
1
2
29014910
5
4
34832245
5
149981382
1
3
2
1
5
5
1
26
1
93828009
11
17
3
4
1
44432
70406598
2
18058394
61483
2887
8
154
2954
3
401
3377
20688
1341
6
1
2
4
2
5
4
27
49612893
68229770
5
6
4
12
4
2
3393
1
5
5
2972
5
1357
1339
73105
49619919
1
8097233
11641505
5
4
9
7937014
2
5
15
5
9
29493449
4
17
19
5
1
8
97
2
2
49575757
432
1
6632
17
498
4
2000
6
8
1
1
5
2
7921
493
2
678
5
26426
182420
7
518
1397278
2
49616965
5
2961
6
11351979
1
83329168
17
4
2
67050
101137660
1
4
15522
4
1
10
3
22379
2
14
4
1760
1
4
4
2
14
2
2
1
6643
5
19599
10
2
1
1
37820465
22
5
150
1
12
2891
5
2
18061675
2
21
4
5
11337729
25
2
1
1
4
21811
38149166
10004
1
1
14286
3383
299
476750
18
18041788
3
2
16
96614759
7
4
1
1
1
7
5
12
849
49618048
856
49644749
7
50230706
1
21
2
5
4
7922
4
2891
1
82256811
2
49618048
49642719
1
855
4
13
27981950
10169
6
25995060
5
7924
2
26
29493648
190
29040035
2
14
34117409
11
4
40168475
1
14090
5
710
15
4
7923
18312
5
27673140
7
1
6
29
2246
125
17
35511
2
3
8083086
82153
2
49706815
1
49710492
1
5
26
1
4
18027377
10
5
7937003
1
49608819
2
5
5
16
5
7936999
1
14
5
11
891
5
3
6646
1268
1
2
5
33
25
2
1
298
1
18035460
13
1
5
25
3
17986
19
49642044
5
40491362
25
6643
56742296
11
1
7935
2
5
1
33
2
1
8
28
5
1
56203
22
12
2
233296
2
53986251
1
3007
2
2
1
1
14586
5
6643
2
44282
5
138
6031
5
1
2
49616625
3
2
410
2
1
126471707
29
29
3
7937000
12
1
5
2
49641430
23
5
107261
772
1
1
5
5
10
7
1
1
2
1
12095
49616969
4
1
96452
1
2
21
2
49115234
5
18
1
342
12
5
2
1
13
87899169
3
1
2
49612958
35514
2
5
328677
4809
4
5
6
52131
3
1298
6
2155
3
5
133568770
5
772
3
5
12
1
5
93750614
1
70162
7
1
135290
14
49616969
17
1
62010
31946
2248
18
2
13
200
49709246
49642719
5
12
12483
2
6
2
5
38299996
1
4
3
49618049
1
5
49609778
2
5
3
7816739
15182
209
860
5
1150
5
49617369
1
5
2
35551
4
5
49618048
11818152
5
19
2
38294
3595
48193616
4
49
9445
3763
1
4
12
4
7960
6677
49618048
1
9
22
1268
1772
4
1
1
1
4
4
3
2
3
53464064
3
1
55260
1
2
5
5
2
4
3383
5
15462
7886400
1
676
2
22717087
1
18066362
133
1
174900951
4321
679
1
7932
6647
22
342
45933634
31253
18192
5
78
683
5
44
2
8
2
1
2
70
33738154
18034840
6
3007
6
2
96452
35805
14
1
5
7
11173684
10859235
7784
5
1
1389
4
63253
1
5
5
9
53986249
426
13
10918
1168711
1
5
5
5
1
45903
1756
53986241
1
15
1
11
49644749
2
3
17
3
1
7
5
5
1
1
5
2
4
8
6
14
4859
2
154
6635
96826312
3
7790065
6
5
22
430
5
2
5
4470034
5
1
1
49616289
39023718
42613
3741
1
18022996
37258676
5
1
16
49614930
1
1
38164442
16
15
30525684
2
12
518434
1
2
18041862
8
1
4
2
14
7942
5
24
4
40737816
4
1
845
49616289
1
2
1
12
3
159
1
29120624
5
8
2
18034545
3
19
2
1
4
1467206
3
752
3036
1326
14
1
5
50228
2
76342
47571
182
11190165
2
7926
1
2
4
18073120
8288211
13
3
1
40
18072273
38279566
49625100
1251
8
5
49528668
6
40651184
35551
2
12
1
4
781
266
7
390
333
1
49616290
4
2
49614250
6
1
9
1
49642719
7926
7
5
7924
4433
2
4
3
1
1
10
16
15
40
10
1
28
3
2
1
1
71403
5
2961
7
6
6
1609
2
21
275132
49616969
41417
1
1
17977
401
1
11
3
49625352
8
1
10204098
40168476
24
750
40168471
6643
49642719
1
1
1
5
134916748
5
8083080
14
1
5
1
49616959
16
13
24
4
13
1020
1
1
6
1
1
1
49616289
11818155
6643
3383
4
610
1
2
36
2
5
3741
27
3
1
40491362
1224
3382
3
34
22022
11140966
5
13
75
1
56831926
2
1
5
23
2
96452
8487
4
21564329
2
12
4809
6
24
162947616
54908
10888
554816
7
1
3
2
5
53645844
1
4
11818131
7937000
1
2
1
5
1
1
16
4
49620749
5
2373
4844
19
19294026
14917404
1
5
11
5
2
4
1
22
23580975
7129
4
5
92
13
49642719
5
18966
122368824
2027383
844
24468
37263092
10
9555
5
27
4
132826519
13
35
18084329
11367887
5
11
51620
4809
220
9
1
143
14
2
15
3
3
5
30492
34414976
2
1
21
49623758
4
1
5
16
510
1
139
15
1
24
5
679
9
3387
2416647
1
3
62
3
4
1
6
3
6010
5
30487553
6
16
5
103445
5
11337729
2047078
5
3333
13
1
5
41452
5
28714170
2
62840
7
1
190005590
63224
1
1
1016
1
5
5
1
190029425
6
10
37256974
7
3
7
1
6431595
1
7
4
2
646
20
49616289
12575
21
3550
5
3
5
25770
4
46143015
4859
49609776
4
1
49115241
11
3069201
245
771
123665638
59162
5
3
5
49616288
5
5
1
49644749
5
1
33
13
1
1
428
1298
7936989
40169246
1
5472
49609838
4
7921
1
22
3379
49616969
24
2
4
7974
6
2935
1
5
4
23
7757
11
29249
8
5
49626863
2
5
9014767
1
67729
17
12
122461317
6
2
49642779
56612
1
6632
3
3
15
156
1
1
101171425
30
38414352
5
2
1
1
5
5080
52
52167
40737816
1
19
16609
5
3
12891
30113638
18041859
2
11
8101373
1
1348
5
5
1
17
4809
3474
5
20211307
5
12
12
1
7816762
4
5
2039
3
14228
13
5
101131212
1
1
1
6
3
3
18058381
10
2
2
1
6635
6774
43
28441035
2
249
1
7
5
5
10
8
83331456
12
2
1
6
39325959
1395
18
8083670
49616882
14
6
32262
18012616
5
7
1
49617987
6
31
160
831
5
121556
4
1349
683
3056
7921
2
1073
49614601
2
5
4
38735437
6840
2
23373
1
4
348
1
6192877
10
22
11
18746
2
3912
4
49621973
1
60
7192
3
10764
4
18171195
3
5
18068373
25
5
845
1
3
1815
1
1
904
93813228
49623126
16596
2
1
18066598
342
21
161
142490353
9827
22369
9
1
1
2898
4
190005650
3
8
3
39
4
854
9
9
850
1
8
18035315
7764394
3
24
173
1
3
2
4
9241505
1
7
2
9
28
9
54921
2
2
3
569
5
2985
2
752
31
138
2
98594
18147
7894739
5
47242
2714
18067240
1
1
11166400
5781
49618049
1075
13
855
45
1
18057654
5
855
31
29
1
7
6
1
5
5
2
18
2
1
16
11822680
1355
2
2155
1
1
15
695
5
5
2
4
5
5
4
4
22166
141520956
6643
5
2
5
6
40253615
16
60
1
1
949
4
53701
1
1
1
107981
111675
7
44101270
49631811
4
2
5
2
3
5
3058
1
49616290
5
1
465
5
6774
2982
35551
4
20166
36
47
5
5
2981
49618048
1892753
78726759
3
2
9060
37659
22
14
851
8310558
2033
4
1
1
11
7192
15
2034
5
75771806
4
9
8
2
24
1
9
190065283
4
1
2
529
5
2974
56805720
18
3
2
315
94028
5
1
5
1
1
850
3
47761793
1
18123
18050
19
4
1
1
139677
8
24
772
6643
5
15073
2
1123
1
5
63772029
2270
56490107
38360948
1
529
2
9
15
38264919
34587318
5
846
49642718
756
1346
18
2
22
27
2
4
2
7964
1
5
19
2
15
11
2
18090
3
30
1
32099
5
1701
1
1
18035446
845
4
796
92215
483
93470410
2041
6
16596
30
27444
406
1
5
1
2
4
15929
449
24893
3
2
27
1
422
1
2
478
2
2
1
1
1
2
1
2
5
14
1
101161954
5
57
4
1
1
1
1
3335
3
4
5
1
1
18074895
6643
2
11024
6
1
29665
206
63005140
257
38274837
49617365
4859
5
20782023
2
2
4
82512
11
12
26
49613631
5
1
3
83
56963
14
2
49612897
11161854
5
1
5
49642723
49642115
18
166
5
10
343
5
16
49611532
4
4
2
2
5
10
53986249
14367
1
2
4
1
49575747
2
8
3
5
5
2
2
46251448
11351979
1
49612551
1
5
40168498
1
9
5
11
3554267
5
11
12
4809
1
2
670
12
7
49621978
2
7
47924805
394
7936993
2892
11
1
1
1
12342
4
1
5
5
3
5
2
2
1
200
47574
15
49642772
5
9
1
7915
5
7
4
2109
2
2
1
27675406
8276
4
6
3
31
49616010
31
7931
1
148
5
2
8
8016
3
14
18
5
2
2039
21
1
6643
1267
1
2
11988
2
119059
2
1
21
6112
1
13
1
2
24
7937003
160607247
1
3
4
198
4
4
5
49617986
52129
2039
12
7937
3
49616540
5
10726287
433
57739
18088448
7
63
5
22
6
2
18
3371
3
49642779
5
5
3383
749430
35495
1
30
3
1346
14
37
2
5
13
4
12
1
72845060
33
12
3717
4
2546289
13
2705
4858
10
2
33
8
4809
5
10
5
1184603
3
29
5
1
2
17
38735408
5
2
6
3
2
101161949
5
4
133539313
2
1
713
2033
16
2
9
5
5
1
8086729
1
7919
4867
5
1
20
11
49624411
89737
2
5
56821978
7423527
1
4
4
12
63258
5
133682955
2
18059461
18176
6633
5
7039
3393
30495
2
2
5
13824902
5
3
1
5
5
5
26692799
5
2
24
202958
1
40240
29
1
6
24
4
86936701
18
12402
7926
12343140
144
1
1
5
8101396
1
2959
5
22607827
1
1
426
7071
101158518
4
5
3
98338381
2
5
5
1
5
1
2
75144095
5
5
3
3
1
6
1
38293
16
7921
2
10
1
1385
54200
4809
1
8
21
2
3230
1
7936989
4
12451
9154
2
1
14253
12
747
4
4
2985
3
50
1
1
39
1
64716170
9
5
3
11
11330878
1
2
3
2
2
4
2
1
23
4
49642775
91915
400
1
2
10
47
143243637
77877007
4
2
49642044
2
5
7424
25
12
57739
12
10
1019
637
30273178
5
5
2
3
16
10639
126471712
56
8
49612891
5
5
115
1
5
13
44
1
8
2
1
1
5
1
5
49641713
2
4
38276183
425
1
19
188
3380
5
3
13
842
6
1
5
49618048
7
11
3
49616198
10
9
1
11
151425681
6635
993223
22628
49617986
4
1
5
21
24781
32
5
23638
7922
1
10
21036
1
77048705
60
2
2
136
7
7937014
5
1
7
756
4021
1
5
6
5
12
1
91889
4
3
7966
4
32
2
1
55924
1
4
59162
9
1
11
3
101185610
10
28
4
20
985
49616969
4
20
15
2
14
6
3
1
26
3
5
1
49617364
1
5
11818155
49641429
1
55244
6643
11336709
7936989
11
20
122
49642721
1
3
27673140
12785
11
49644525
7061
1
13
2
5
2
105450
5
8
847
2
1428056
20
34715088
1
17080
5
49642779
1
10898
10
2
24
1359
17867
186422181
1
5
64
3
1057
6634
5
18
5
1
22368
5
1
31
8
18
249
1
18033709
11333651
17
2379
49577442
31
1
19
5
5
4336
49707418
2
5
1
7941918
2
10
7915
155652
2
5
1
1
4784
7
2
26
5
5
40
30760596
1
5
1
7
46
10
8
3
11132892
1
1
3
56198
1
26729506
4
14
290
3
1344
5
28
5
3
59174
2
4
1
2
47100
49617366
4809
4
1
8265998
15
10520
101131215
17679
860
17
96452
40491366
3
2
3
1
22376
19
2
3
1
40168476
1
107
95111
1
5
853
7925
1591
6
88
2
9241503
876
120991
122376902
190083521
3
166
7
22970
40168480
6
3
13
1
7
10461
2
1
105221
5
6
5
192
49
2
5
4
16
27
2
5
49612589
53510513
2
7716190
1
1
3
26687927
4
10
3
4
3
4
5
23131
11243900
3
25083
2039
35
18073120
5
3
6
428563
1
2
6116
4
18
96965
5
1
45141
49175782
119
15
2003
7919
1786
30238
5
1
3
5
78879511
7754545
1
3
11818183
124037847
3
332
11090163
2
7
2
11806118
10
49617986
5
5
10
13
4
6
9
7
1
1020
49587610
1
11
49608080
5
6
14094
3
11340102
4
5
2
5
17
7920
10
1
8
3007
8
35495
1
1
1
12578
5
2
5
18041826
6969
8
1
21
49709120
1
1
20
5
3
1
2983
2
57739
10
3
2960
3240
1
257
5
7489
4758
49115234
2
2
1
2
14
14
3
49617368
5
5
5
49625102
1
29
38281
7060
2
4
1
2
60645
1
7
10
5
1
4
17
1
402
18036021
3
6
1
1
8
6
86
5
6102
71
49115234
11
6152
5
2
28
5
1
6664
6
16
4
2981
49642379
2
8
25
94732372
1
855
7930
3
2
1
40737816
56469495
293
7
32342
5
5
2
122445012
1
6
1
138066569
125163558
2985
5
49642776
21
3
1
5
6
4
13
7190
1
8265742
8
1
9
1
1
2
13
19
1
1
608
19899
11173213
9797492
190139904
49615610
1
1
3
4859
5
1
13
5
24
5
49617986
36848
11
3
2
19239531
5
1
1
13
87023
4
1
1
6
445
10181
14253
8
4
5
1
1
5
65451
11340098
1
5
260
5
3556267
4
5
1
2
3390
2960
10569
1
1852752
49709176
2
153
1
2
2
2
16
2
7515
3
5
10
6
715
26765
56002
40737816
40168476
5
24
3
2418693
3387
22
1642
1
9
28
11801832
5
7922
5
6
18041845
13
2
3067
8283483
3
12
6
93469225
5
2
1
16
18
1
18070022
2
7
20
12
5
7933
8
19346652
2
101161433
7
8
1
4
11
7
5
4
34
5
56145
1
5
15730
1
49645417
4
11878028
1
5
182994
5
1
707
2
2
877
7937003
2
2
1
13
2
1
1
7919
9
2
7
40168476
1
1
4
4
677
10
2
143238966
1
4
46302066
2
1
1
49616690
5
15
2039
7924
5
11340102
2719
12917
98
1
4
3
6
423
49617368
101398791
5
1
2
2
3
4901545
5080
9
6643
679
5
6
13
5
3550
19198
1
14151
125013734
7
1
3
1
2
22369
7
37792
46
2
4841
6
49641948
1
34304136
3
40491362
7963
6
16
56490094
1
18004515
13
2
1
2
59162
21
444
5
6
1
7796
5
9
3
2
929
31186
20
4
1
49618048
4
121832
689
4009
27
14
7
3
233296
8
49614930
1
13
6
5
17
2
1
8
32
6
3
18
32
1
3
1
5
13959
2
2
4
1
11
1
14517753
14
12
14
22
2
3
5
4780
18
756
34616963
49618050
49575739
52853
25
14517757
8100962
5
7935
16
5
101430
12
70564
1
11
5566
3
2
5
1
49642719
5
8083218
5
13
4868
1
5
4
6
4
22039104
7
5
4
2
133579751
47582
56489916
2
1
21
59453650
15
26
7936990
3
32
5
7936989
6643
49615610
6643
57226703
85
1
2
18
5
2
49610852
3
14
7934
2
1
2
9
2
18
3
3
29
7302
5
5094
2
1
1
4
3376
17
6644
71929
18041832
3
9
59515
5
4
3
5
8
3744
19
17989
27036
1
2
49610863
37838228
6
1
4783
35514
1
1
153071114
5
5
143260147
2
2406
7936989
2
11203230
5
1
5
37259717
1
11
5
5
61
1
5
1
5
1
1
855
10
5
1
4854
49615610
26
1
15
1
23952
9015
6
4
11
233296
1
44555
1
49613140
7
4
1
2
1
25
1
2
12
6
48411049
7917
1
3
29
1
40168482
14250
9
201
2
49621041
2
3
5
1
5094
49642719
6645
2
7
5
1
6774
7
36250948
26687934
7036
4
10593771
202
20
1
237
56147
7
18
18
227250
2
49617986
5
9038
19
146719505
1
2014
1
5
5
5
5
66059
3
415
5
18745924
12
27139960
49618048
47
49616288
14
11
48647473
5
2
5
16
4
1
21330
45511881
1
1
35114
11327
49620747
1
49645823
36463381
49617986
1
18992
113156795
2
17
28804
9
18
2
5
567
3
2
5
938
5
5
22
6
6
4
203
2
2
11
5
5
1
30628
1
5
1
24
1
14286
2382
2
5
17
3
1
5
37861782
1017
1
5
6
307
4
1
1
39
2088360
1
48
4
5
4
5
233296
5
1
11339082
5
2
7
4
50
1
23502
5
23
16
28809
133515478
5
1
245
49617218
46245588
35502
4
50
7926
1
23
2
4
7
2
60029
58966034
1
2
647
1489
9
20
2
10098
597
308
7
17700
8
3
8269969
17
15
6173655
49642719
35465464
401
101131215
401
11
2
81855705
4
1030
1355
42
298
78780023
5
83322595
12
30
2
40168471
1
8
12
5
2
7635
1
1
20
4
49617986
4
5
5
5
2
17134
5
2
2
33
100
5
44862776
1
2
1
10
5
4
639
6774
1383
2
86609
1
5
8283967
5
3
3
5
56209
17
49644677
117907792
24
1
2
1762
285
8
9
1
9
2
5
5
1
3
3387
1
3
5
1
1
6643
12
5
6
12
3
3
1
7
1
1
1
13
3009798
68308865
4
2
19
75025
8813
1611
16
534846
5
84
4
1020
2
4
57158
22
4
5
5
10
683
1
16
5
2
1
1
7920
5
7012128
1
38372530
49616975
1
2
59181
1
2
6875
49617986
17
56710674
42159
122462003
1
2
22383
8
1
110836
28478
15024
2
49621431
3
1
5
28
4
5
3
13
101161953
49617365
17
2
1
4
3
16
6
13
57
2
7
5
10568642
8265992
2
4809
5
3
1
4
1
5
20
925
1
2
51105336
2
2
11
5
5
2
1
1
5
2
10
3
1
2
1
1
9
2952
1
20
4
5
5
4
7929
5
4
5
38678685
5
2
8
56713139
2
7917
6
5
8261680
8323057
5
1
62446871
1
4
2
22
2
1
3
4859
4
23
2418693
9
4
31888
35514
1
3
10631
1
1
2
5
11336703
1
2
1
1
1
14
8105727
1
4
3387
49616539
18030
5
18066606
25
15
5
1
5
2
38678666
1
23
49708837
18035304
2985
14
45147
2039
49707675
7
625167
4
1
13
13177
18
5
40168476
4
6844890
7190
1
49642779
4
4
1
17
3380
2
2
11336029
2
12
6
10
8210
1
49618048
3
1
5
1
34587318
49616288
49616538
2252
2039
6
153
450
5
1
2
5
17
1
56937
1
2
3378
18
5
5
19
2
23473
2
13
6
6
3
122362121
18
21
1
6
4
10
153
16
4859
1
2405447
40838242
2
18411080
49642723
4
9
180056
2
7926
3
4
9
25
3
133547576
7890
1
55126691
1
4
1
24756
16
5
856
7
16
1
16
5
1931790
1
1
2
8
4
14
1
7
49618048
5
32921415
5
12718
14
103361
129
4
1
2
12792051
10
1
5
1
47313
148
41
11
7764394
1
24279440
2
9
5
5
2
23
5
2
49642779
1
308979
5
5
8
2
14537325
5
3
38767625
3
21
6
29932
57111
2
49618048
6
21
42
20
1
157237
2
1
49610852
1
1
1
2241
1
3
3
10529
5
28
34678961
77851
49709312
6
1
2
5
26687938
52
1
440
1
3
12
49617368
18
1
5
2
9
4
40168476
12402
1
22379
6
1
3
6775
7
4
93469226
8
5
1
1
22
7936989
4859
35
3
1
5
1
1
1
26085
1
5
1335
19
1
167
1
1
2
42048866
49115234
11
4079
4742
70902
7
2
4
26
5
13
3
1
3
5
1
24784
3
2
49614650
49642719
5
110437
4
49616269
4
625168
2
56914
2
18041853
18041783
2
29
101094915
233296
2
25
847
10918
828
1
26
18071359
56469495
1974
3
2
412
120
30500932
342
2
3
4
3
1
1
6
1
75
4814
9
4332
2
5
49621278
7
6
1
1
5
18068257
2
4
28132
1
29274
5
4078
5
10
29249
758
40168476
1
1
2
9
3
49610843
95169
19
84086478
12919
4
1
17427
477
1
1293
429
10568650
1
4
8
2037
19640
4
190030234
82
7936989
5
5
209
5
23
40168498
18
1
4
7
35025890
7915
5
847
7
106322023
6875
8786
20
23
1
1
4460975
2
7
2
49706803
8
2
436
5
2
8537
11223466
3
17
23
2
2
10
91
9
49617986
18842351
18
1
2
5
2
192
1
21255
4
34828217
70562
56
9
49608688
17
56901
13
3399
3
5
7924
10
11
18129
10612137
11280824
26
30892362
1
9
4
18004519
5
2
4
31
12
439
5
5
49
22
1
1
12
17987
2
5
24756
1
2
18
6629
20
1
343
24
10664541
12
8
8
35514
1660
3
17
5
6438
16
178866330
7
1
1
5594
1
2
23
14
8328579
7
1
10
5
15
2
5
5
16325
5
644
1052
2985
5
462
44562
3
16
49610852
5
1
13
227146
49616288
54975169
6124
3
10627586
27683191
2
1
5
157373274
32
40168498
4
8083666
24
30062310
1
8
13
784
188
3
1279
6
23
19989
5
3
49618049
64810
4
3
7
7894739
7488
6
1
11801402
5
8
24296
2
13
2
2
5
3
40
2
1738
3
8310241
13
6
16
57287
13
7
6
1
5
14
190071228
1
8
5
41
6
2
2
4854
2
7
4
1
2985
2
10
1
472
2
8
56489916
5
5
2
3067
2
5
645
2
49621977
5
12
855
33
3
10835524
5
3
38710012
679
12402
63843
6
462
2
3
3
22
23597897
28
429
3
1
1979
18083545
422
1
3
1
34414974
5
56490096
7936990
1
7937003
18314
1
5
726119
5
1
3
2
5080
1
28
2
2
4
190019997
49131
860
3
1
4
36
7
37715
1206
8283643
2
6
4
855
1
38
1
5
21
16
3024
18306
3069201
43
1
1
8
1
40491380
2
5
6
7937003
5
2
49624012
2406810
1
385
2159894
5
1
12
32
29665
346
6
4806
6
6
4
14
5
26
85261
15
2
16
1
5
28
8
1017
49612551
8
15
2
2040
3
13
24745
149
4
1
11339082
53098922
5
1
43
159811
4
2
6
2
8
1
10
5
17
5
1
12
49642044
53431947
5
3
1
12
6
9
56620
1
47
2
1
8707
5
41839738
2373
18041794
1
11
5
5
96452
4
56489913
5093
4809
2
3
1
5
1
125173423
57008
762
10
52127217
72879489
12
2
1
49609778
49617986
326
2923031
527
18070021
17
5
49642129
5
29039861
3
1
1
5
8
179756630
11
2
1
1
5
5
34582199
10613796
18041833
5
122362121
18
3
2373
5
2
1
25
2
47
224
3
14
5
1
5
1
5
1
33
4
7841770
35551
3099
101131215
1
7
20
5
40168525
150727343
3
1
89762937
1
1
11790206
7
2
14
5
11
1
2
59640
15
35120
1
4
76838421
94
11340782
9
18
3
2
4
18041837
5
1
3
11818155
8
1
1
7
35551
2
40168491
1
3
26
1
7937014
4
1
17
2
36
6643
2
1
68
38735421
9
10
15
4332
5
1
20
9
21
5
49618050
49609777
18041785
1
4809
7
4
12
190067981
7937013
9
1350
15
1
4384
9
233296
147944
1
49616290
8
27190874
5
49616974
6
29833
2
792
19
80197132
10
1
5
2
2
1
2
17
2034
2
11
5
5
5
10
8282856
36608316
123810733
245574
683
6
49641369
49612551
5
17984
1
2
37829233
625151
64
49618049
3
246
2891
6
4
96614763
8
1
2
5
1
313
38264
5
1
4
4
625171
7
5
2
4
1
5
5
4
2810814
17
2
8
4859
5
18073127
6
17
4
5
21330
49624012
5
1
7
9
487
58014
3
13
5
49642384
61904
5
12
11163103
6
7
257813
11
2
2
5
4
27
29275
6
1
5
3
1
38767622
695
11
49616969
49620756
1
2
133597296
49614930
2981
4
1
3
49644749
133597279
12
481
9033
5
1
778
58867933
7785861
15
1249086
4743
5
1
3377
13
2
9
101397894
4
24
436
3
1
6126564
1
1
160
8310480
1
2
18041841
2
4
11
29493647
49618048
2985
143
13
33173
5
8
222
2
22
2
11172805
1
55925
49642780
13
83565
4
3
2
5
3
8
2
2
472
2
8
16
17
5
1
4
1
1
49616969
1
2
8
2
2
2
133
101133458
3
1
7
3389
4
2
10
5
117754
2990
37
1
4
2
2
37792
64
3
3
1
13
4
23
49608688
1779
1
839
11803604
30
5
1
1
1
1
5
1
7
17
2
2
49621973
38735423
2
3
5
834
4859
16
28
17679
5
5
5
2
5
3
1
5
2
2
666
67857296
27675387
7
42021910
49621090
9
44083562
17
21843
43
172217858
13
4193664
9
4
7
2
787
3
6
2
2034
4
2985
2
5
2162784
2
1
4
49617987
1283
1
5
3
427
2
5
1762
49608686
5
5
9
3
15
49645088
2
6
357
5
855
5
5
1
19
11
49644749
3
6
37
8100958
6
38339362
12
10
6539376
3
62440700
6
5
289
3
23068
1
3717
4
49641429
11
30
1
54
3453
140
49642701
5
56833852
5
125157003
2
5
18073138
4
12
3
12
7887437
465
5
1
5
30
57734
4844
6
3
4
30
1
3
49611101
2
7
266
3912018
3
27673151
1
1
2
17
23
1
1
3
75528331
5
2037
3382
5
5
2
4
2
10
2
1
5
25
771
812
6643
13
1263
16
4
1
3
32
17
7
49615539
97096028
32104
3
5
93469734
56946
38339337
10
10
4
35514
49607605
6170
4
22
1
4
227161
49581163
8
20
1
19
1
2
5
1
2707
56829126
178
40491378
5
13232
2
465
7
22
839
7
11818155
3
14
18041836
7
49616016
120795
49305498
1239
569
17
2
2
62
22
7
401
5
8328554
1
14
1
78304
81655
8
49643303
1372
3
13
5
190046441
49644749
825
27702
15
5
317
6
18041829
36
17678
26692786
32403
468
1349
3
3
9
5
11155575
5
2
56937
86100593
3
1
49627155
1
1
26
4
1
18004539
40737815
10
4
49618048
1
5
2
2
3
56767997
35
10
1779
1
2
10
1003
12
13
9
50
35502
7937012
8
7
1
1
17
2
49629841
842
4
1
52212
97
7488
2
494
81855
49624679
1
1
29
5
9
11803604
2
712
1
2895885
1
5
5
13325445
18076202
11
18022749
182403
1
12
49612551
24
1
8
8
1397064
1350
13
11046
19902336
3
2039
40737816
6648
2
2
2
1
18
56936
1467210
49623128
5
2
1
15
2
1603
5
5
27
10
3
15638
1
49617986
26094
91842
5
50
20
11809782
35551
9
2
5
61825734
38766368
13
3
60609763
7
15229
17
49612891
7
61344909
5
23
9
417
4
46460305
308
5
5
2
18
3
49610421
2
1
15966734
342
1
49115234
5
49643077
12
30
34970
7
4
4
16194278
7936997
5
5
1
2
11330878
47
5873
1
156
1
16006071
569
2
3
11229281
1
5
3014
49614590
2
6
8
5
5
7
1
190069046
2
5
1
1
1
24
1
4
27121821
2
4
16
5
11039428
113783
101139047
3
647
2
5
1
1
10
9
1
1
28503
26
1
2033
2887
2
1
1
6
23
37259702
5
1
10
10
5
10
1019
5
15174
9
49616288
5
38714773
80542495
1
8
6328
1
1
4
6
18
1
3
1725
1
1
16855
1
1
49616540
1
49607264
41001270
2
425
1
5
558
6
1
6031
16
465
8288211
1
49701735
18041836
1
2
17
56604196
2
1
1
2
7
1
422
5
30082
14
1
149
342
2
4842
1
2
18
4
1
90487917
124043504
1
6986
26
49625352
2983
1
2
5
1
4
5
2
8
10
1360
1
49643403
134914911
4580730
6643
7926
22
1
1
8328458
161
11
10
1
6
1
11
5
38678707
3387
34832247
7
4792
5
2
674
852
25
49609098
401
92540
51873344
9
11
960
6
6
49190551
4
7929
33
11
1
3
7926
11
3
185
1
1
2
5
7
5
53986249
49642714
2
5
17
85947
7
1
7
11806112
4
1
5
2985
2985
14252
3
1
13
10
1
5
11
136542
157
15
1
19
452
6
26
1
4
17416
10
5
134912212
8
7
2
12107
7
8
2
9569
2241
381
38264908
18032031
3
1
260
5
1
5
11309173
4820
1
11
1
5
14
10519
50
15
41795
4
5
49642779
1
2
31
242564851
18068235
8210
2
1
84534709
19
1
129
49643068
16
14
2
2751453
1
1
32
873
49616625
49708611
2
11
2
750
40168528
23373
4859
1
1
3398
5
12
4
11818153
3389
5
1332
162575868
1
24
122362122
1
2
13
6
10
49618049
3554260
3
5
27673150
17
4
2
1
5
38275168
1
13
799
38131419
25
11943
1
20
1
467
56754408
1
2
72402082
4
5
17791715
727
50495
18035575
5
7936988
2
5
1
49608688
314
124
11212502
2
2983
7802
1020
197
101360762
680
569
1
1764
6
4859
2
47683
5
1
395
1
78
42159
676
1
3
4
11303444
1
1
6
1
1
2
1
9
18
4
9
20
11340102
11
2
5
1
432
6
40168476
1
19
4
2
3
11
4
1
1301
1
20561109
10
7917
7
5
2
2
169
16
798
2
1
18041823
132118807
1
1
8
1
438
1
4
18137
1
41429649
847
3
4
6
750
2
29
2
5
7
21
16
6
11
49618049
5
2
11354607
680
13
37
2
13
24
56490101
40213
2
7936989
1
679
14
10
4
27444
25
8
168
2
4
11
14
4
133616805
1
1
49642719
101146218
5
17936235
1
9
4
49620750
17881
2
12
31
18041786
20
30
3
10
738
4809
2
135765
96614766
4
314
2
38766381
2
3
1868
72873727
5
56489913
1
11
5
6117
1
3
49617986
3
14439
48
8224
11351976
1
4
2
8
233296
1
5
14232229
1
5
1
63020997
1
122921
5
14
41
19
42
3
184
57310
4805
1
2
16
6896
8265891
5
1
2
11337049
5
3
11336390
20
4
1
6
4
35568
2
1
1779
1
3
13
13
2
4
7
11810635
5
7
1
2
49642719
3
1
1
4
1
5
248
14
1
2974
59526
35514
43234467
1
16
16
3
18881793
1
118
101159266
8034001
9241515
49616689
5
16
2
18075372
12
6
1
7916
40168468
5
2
11
2
35
49616288
3
1
18
2
24366
53653039
126
6
1
13
1
8333566
22
11
5
863
25
10
4
49618049
4
5953
37
1
33683
4808
3
7936989
2
56771432
49618048
11339422
5
5
8283977
2
4
3
4
9
3
3
1
11346547
5
2
18716018
1
2
18123
7
11822680
16
4
18
18146
1
5
414
3
49613136
3
1
10
1293
49642987
401
8
12
2025
2379
7
401
1
4859
2
1
770
9
10568613
5
28559
38785476
892
49611776
7
1
5
49446448
9
5
11
2
1
1
18
3
1020
7
3
18
2891
89810487
1
7
5
49621774
16544
1
1
93707149
425
18
12163743
10993701
134912222
5
2
8
1
190165399
10
49624012
3
1024
3
5
3
1
4
5
4
4
12
3
2
4814
26
60861507
1
18
1
20
1
332338
22
3
17793927
9
1
11243119
49610745
42
9
11803601
1
45
1
55925
1252
60
38356992
1
70548
18058377
49626879
7937014
1
7
606
5
2
49593308
4
5
2891
3379
4
7190
1116
109007631
18073127
9
38767639
5
49642719
13
1
56666307
5
3
49642721
5
4859
2
71067325
242
4
4
5
5
8
17
10
3
40168476
8
7
35513
2
19
1
707
8
1
1
6
11166410
1526
49642044
2
2
1
8
1
1
1
10
12913
5
1
1
7
1
14
49145330
8324071
199
233296
4
40168483
202
3
5
166740
15
5
8
3
193766197
52167
834
1
3
2891
6
3
5
61
4
3398
14
215
19
49643457
11342141
929
5
26257
2
2
22
1
49614222
4
5
35
1
3
10
5
121968072
2
5
3
23
16
18992
11806112
8
7830667
4
190077339
1
18239535
18017578
43235155
4
1
5
1
14
3628582
12
5
2
1
860
1
96452
5
1197333
728
15
9
8
517945
2
31
9
30
4740
12652
85
2
1
1
18032119
1
93750614
14
777
9346828
11233573
145
6
22779
229
4859
4
12
12393317
26
5
3
2
6171
16
3
3
1
15
2
7
1098
50098995
9
422
7931
18
49608686
556
16
56837107
49616289
5
1
855
49642731
1017
8294
136
6117
5
8
12742092
4
49614987
9
5
27
5
10
64166
1
35551
2
3632
2
5
1
1
44102288
16
5
87491835
1
49613231
1
49612551
1
14286
7926
13
17184
1
3358
4
5
838
10
1
7
1
3
1
49621037
25
4
2
10
10184
2
4
22521458
342
16
5
4
1
1
2
11818155
2985
18062
5
3
13
1
5
1970
1
1
5
62
4
13
8
6
5
12
130
2
4
3390
19
38735421
2
2
1
1
3
5
73346
4
16469
1
402337
16
40168526
283
38275569
5
15
50112
1
1
1
190005590
1028
7
12
5
52127217
31
151
9
28
1
12
1
4
102
1
7937019
16627
5
30163
1
29452952
5
3
49626863
1
15
9
5
1
38277947
2
1
27
1
6
1
3
1
102825907
5
2
52127217
5
1
59169
11217322
1
38735453
1
3389
7752074
8266057
1
59183
2
1
420
4
2
20568
7936999
1
23
3
5
2
49617987
5
2898
9
49616969
36126
13
1
77295
5
454
14517776
4
134912198
5
16
35551
1
5
2
2
7
5
83330594
122188
16
1283
3137453
18073122
1
6
28
3
3
1
26
839
49630043
16095024
28
49617986
10
25
2985
2
4334
1
49642776
1
35521
49641713
3716
4
8
1
57
15
13
7
9
8
2
9
5
2
1
227138
4
49616880
3388
8310558
1
8
1
855
2
49642113
15
5
2
40171432
5
18
2
8
1
99481026
10155
3
3336809
92117129
2891
3
2
1
1
112972
6
11033
49616289
5
4
1
5
94
3
1
2039
2
8265992
1
2
843
10
1
14
49642719
682
7
49642779
3
5
1
11801223
27763770
49642721
25923
30504
2
6314
5
1
8265990
5
4
478
11191036
649865
34564995
1
4
3
4
2
7937013
2040
23
53
101360719
1872
5
2034
51868934
5
5
38876
16
3
5
2
1
13
6
49610844
21286467
14271
7
1
5
1
4
5
2
16
985
11
3
1
1
49642115
28334
18
7
185
1
374
1
8478
6
99369
1
8
2
15
4
18068373
1
1
4
27
56202
1
8266076
38275168
15903
15
9
49709312
1
63270772
29
14
34713736
1
1
5
5
3
409
2
5
11336703
2719
21
1
21
1
3
1
1
5
1
1
4
17
4
7902710
26
10
7
11800936
1765
19815
5
35514
31369
5
1017
40737816
2
6646
24
1
49616969
6039620
4332
929
1
2
38279576
2416653
1
1
8101400
45820703
10915
4
19
2961
14
503
1357
11
864
4
1
31
6
14252
35511
31820
8
148941838
15
49612551
2
7
1357
2241
5
2
1779
4
23
111768366
8
1
33
3
49608411
20561107
8101368
5
56
46347169
1
1
49617987
23423696
1
93469235
35551
1802
5695
5
10
5
49612551
14810100
3103
4
5
3383
16
5
6
9
2
1
11339422
4
28
148
1
4
368
22
40168476
8
1
5
24
7
4525
109970767
13
13
39
2
8083078
1
49642780
40168468
18084339
291943
1
3
4
18
34
1
5
11818155
1
3
5
1029
5
40168526
2039
4809
40168476
5809
49624672
4
1
119535
12
20
8
2
10036
2
5
2985
14
5
53986241
1
19
18138
1
11538
72879489
3
26860134
27873
422
3
40263624
7
2
1
30166
16
6
396
4
14
49587280
8101396
179
4853
6085
12
28
38275181
2
12
2983
2
20
21
1784
5
93001
6
13
1
4
76485
6645
88104
2
2985
94
11
6
17
4
4
23530
1
14
11818160
2
9
5
14
626
860
5
1
5
4
1
12935
9
4
1
3
10717
3741
5
34
332
4078
2
1
8083668
2
143235495
92597
1
1
18
2
5
148207
2
101139902
9
43
37147260
38767608
1
5
1
3
49618048
10866464
15
10508172
1
5
122774727
4
1
6
7
9
2
3
40168476
1
2
5
230
1
576
56490099
49621973
49642730
9
1
233296
6
1
1
5
23
7937019
2
5
345
233296
19643
1
5
1
15
7
3
3
5
5
13
17
122738
145131
1
21301639
1
12891
2
7
50501
143797101
21
5
1
5
224
5
2
5
1
1039
467
2
4
18004485
652778
6
25
4
1
12009858
1
10906671
5
5
19
18
49612611
3
5
1
5
4
5
4853
5
54
18
18041810
2
2
10
19
190069089
20135
49616288
49616538
3
5
7920
13
5
2
4
2
143256846
5
12523695
5
11897
5
5
5
6
4
99
7
1
6
5
1
1
4
1
5
44564
52212
34587318
1
2
858
49616288
5
190092790
33961
1
1
4
4410381
1
1
1
1
5
20
843
12
1
6
1
4814
25
1
2
1
1
4
4
5
4
49608406
18144
143196377
12946
1
286
1
5
4
16
1020
4
6
1
33003
1
7936991
61
49115241
3
49608688
49616969
15
49115235
2030
4
1
5
332
550
34
15
3
25
4809
4
2
49610852
5
99481011
62500379
1
11806115
33
1
4
11
1
34
845
4
10
2
49612622
5
15
1
29
2
215
1
49609838
60138548
5
6
442
5
5
5
581
7
17
694
13
8
4
1
4
1
12
4
8
1
101115214
21
2
49642779
4
23
6111
4
4
8
1
1
1
5
25751
34
2
11
1
1
1852752
4
4859
49616289
17
4
1
2985
3
1
11818143
29
5
2
2954
13
18
1
3
5
70559
5
8
5
847
6
12
241
2
11794089
11040616
11532
679
1
2
18
1
6
63263
1
49624497
7
2
1
15
16
2891
37259717
11
3067
5
2891
5
1
19
38
12
2044
5
1
6
233296
18
49616969
251
3
49618051
2
5
4
5
2040
1356
2
2
488
3
1
9680
4
5
5
13
8283602
5
17
134912208
13
2
2
6
1364
7936999
49627142
130
1
1
5095
32
22
7
1
1
18068373
65439
5
5
80647554
1
1
2
5
7657327
10
26535965
149
49612952
734
10
10918
5
56635
2
18
8577
2157011
73346
11
5
25
192
59453659
1
10627548
19
2
1
16
755
1839
5
2
3
23889352
2
4
5
9
49585241
7
17
5
1
22735857
1
56927
3
41787
1
1
1
18
34248
1
8
45
3969
132814
8
49086364
17
466
4
6
1
1
43368
4859
4
49618048
111002172
11217331
40104
4
1779
28190
8
15930
5
2
344
173
18
5
3
1
24
14
10519
59177
3
13
1
15
2
1965
5
9
8
49614246
27
3
3
1
61462
2
6
12
1837
2
1
6643
6
1
1
87639
188608309
441
2
281
40168480
4799
1
4
5
13
53986249
1
122376219
16
8
2
5
56
3
8
52
1
31
1
8
1
3
1
1299188
5
106003
6594
49610852
56156882
4
29249
2416653
1
2
11
35551
40172184
37820457
1
1
1
13
1
1
5
17
1
3
4868
27
3
23
49642761
33
5
5
49616689
1879554
98082
1
18071350
2
41
2
54922
18
1
1
3377
7936990
17
2
5
9
2057
35551
1
3384
33267
31
4
18
2
8
16
1
5
1
1
1
31042155
3
22
2
2
4
18033744
8266067
10
1
16595
54835
1
49642775
11
3
124909
2
84401034
5
3
3
14
2
2
2
7894745
1
7061
12
16
11
1
2
38
1
1
2
26
20139
1
3
437212
422
83327446
1
5
14286
6
48
466
2
3
5
3
1
49618049
9
3
48
7
10993
2
9
3
8
1
4
19
5
212
6
7936991
3
1
2960
190092514
3
56671091
1
1760
6643
5
1
18134
1
35551
18110
101201269
49618048
17679
867
5
1
399
504
159811
1
17
134912225
2
2
591
6
5
3
1
249
139441257
2
8266070
2
4
15
9243513
8265894
7
3
12
35
21344
2213
1
7936989
4
4
3
1
7816923
8819
2878
2
5
5
11532
29249
128
1
11164139
534862
1
5
1
5
6
117497
2039
1371
4
18
6
5
1
18
27
1
6117
4
5
1
4
215
10
8310540
2
10
5
244539
49642719
6135
5
49642768
32202
5
4
1
2
19
38767622
27673135
59176
7
4
425
2
2
5
7
13
7071
40896424
14
2
207
8
1
11
670
1476
1
38735431
10
1
1017
1
5
5
2
5
2
1
21947364
4
14
4
2
8
1
20135
7
27
9439
3
2
10179
8
2
5
3
5
3029
14
42093399
10
1
5
5
8083088
1
3
1
1
4
5
12
5
49642719
7937004
4
8
1
24760
7933418
10918
12
19
1
5
18
39
14
6
11
6
1
3
1
9
5
2
7916
101161956
1773
3
19
1
6
15
3
2
5
10
435
49614159
49617986
6
5
1
1
4262747
13
14
3
16
49616969
666
11336029
8283966
1
49621032
508
1
1
40491363
49622049
5
3
1
3
49615610
1
23
2
8
2
3
58
18033811
94
2
16
32109
47
134912190
6
1
1
58948543
2962
19
2
49621030
4
1
8
3377
41911363
2
6
1
5
49622030
3
65692
319
619
4
2
5
7914
4
68229776
1
47988
5
856
1868
2
16
3
4
2
5
13
340
268
2039
2
8
27
38710013
9
1
4809
93469248
5
4
3
5
4307176
6132
1
2
13
17
6
49618048
4844
1
4792
5
5
6
12
14
1
49612551
2
1
50
2
414
8
1
1
1
3
23
49642778
15
4
3760534
1
5
2983
7
5
4
464
2
22166
40168708
7
1
5
29
1
1
138066598
2
5
5
1016
13
4809
289
26426
2
12
2037
1
1
49642719
7917
13
20
2
1
1357
11342142
48
17215374
5
1
5
27
49616289
38770
27399
2
24
6117
5
5
36995
10
78847841
49642779
56754408
1
11212863
11339422
5
2
1
10
855
2
49618048
5
15
11532
93469248
7
1
1359
24
1
14
1
1
5
3
2
2
16
2573
5
2
14251
18
3550
507
14
1991969
11539
5
13
559
1779
131698668
34
52209
24745
26692813
1
1
100037760
2
2
12
7
47515861
5
35551
49617986
5
4854
1
2982
8
49605915
49597037
1
12660096
50232658
4
4
5
4755
4
1
18071348
11029198
1
2
3389
19
1
2
13
18041841
2
16
6543520
49612551
23717
15
7
1
10008
10
2
45
19
6031
5
19
1
8328551
7
8537
1
60467
7
1
5
7936989
8
1
38259
1
674
4
4
1
4784
2
6
8100958
5418
1
1
40168500
1
298
20000
5
8
2759
1
3741
2
2
1
2
2
5
1
3
6
32691150
11
1
12
96614759
1
2
1
1756
5
2416653
26
1
464
6327510
5
4
11806110
5
27
72920774
398
3549
49616289
49614650
91552648
625171
4
4
2039
2
8265669
3
6
1976933
1
2
2034
2
49631060
5
1
5
1
21328
347
233296
49611101
7
2
2
11532
10
1
11
49642779
57
2
5
1389
11
10685
5
5
422
2
2
4
15
15
49608688
1
30
1
143
48197471
5
37792
2
1
2887
6
9157
1
5
1
5
2981
17
143238966
4
2
5
49609776
7
1
1
5
24756
163625922
64838
7
8
1
1
64830
5
4
2
18307
10
23
1
3716
19
49612910
1
17
7
2
182998
49642779
5
1
1
156019844
2
3
2
7
5
5
5
49617030
5
1
25
18316
49611776
124
3
9
14
38286
1
2
